Tiempo PosX PosY PosZ DesX DesY DesZ Dmin Dcr Vrep1 Vrep2 Vatt Vrel cp estado
0 -0.8637864425160057 -0.10689103941014366 0.12970715082868162 -0.8637864425160057 -0.10689103941014366 0.12970715082868162 0.89322897620233 0.05 0.0 0.0 0 0 3.0 0
0.02 -0.8637864425160057 -0.10689103941014366 0.12970715082868162 -0.8637916200587147 -0.10684919137260027 0.12970715082868162 0.8741927021430358 0.05 0.0 0.0 0 0 3.0 0
0.04 -0.8637967956272018 -0.1068073426540311 0.12970715082868162 -0.8638071402033337 -0.10672364833707537 0.12970715082868162 0.8857080188942095 0.05 0.0 0.0 0 0 3.0 0
0.06 -0.8638175415666189 -0.10663900696944718 0.12970714733864583 -0.8638329655023804 -0.10651441354108292 0.12970715082868162 0.8843044156413606 0.05 0.0 0.0 0 0 3.0 0
0.08 -0.8638487536536856 -0.10638538575245499 0.12970718597914993 -0.8638690335535322 -0.10622149240113184 0.12970715082868162 0.8853047339465185 0.05 0.0 0.0 0 0 3.0 0
0.1 -0.8638903818022359 -0.10604604792253665 0.12970725556076373 -0.8639152570148604 -0.10584489254368938 0.12970715082868162 0.8818128405825807 0.05 0.0 0.0 0 0 3.0 0
0.12000000000000001 -0.8639423966921567 -0.10562074799355338 0.1297073854556094 -0.8639715236261832 -0.1053846238484964 0.12970715082868162 0.8841360527898672 0.05 0.0 0.0 0 0 3.0 0
0.14 -0.8640046578386426 -0.10510935949523821 0.12970755429057335 -0.8640376962365639 -0.10484069850420076 0.12970715082868162 0.8902345859571794 0.05 0.0 0.0 0 0 3.0 0
0.16 -0.8640770491453641 -0.10451186266420996 0.12970778088529256 -0.8641136128379865 -0.1042131310762699 0.12970715082868162 0.8740248247058446 0.05 0.0 0.0 0 0 3.0 0
0.18 -0.8641593568541099 -0.10382829715132896 0.12970803980566953 -0.8641990866052476 -0.10350193858712577 0.12970715082868162 0.8890337923612359 0.05 0.0 0.0 0 0 3.0 0
0.19999999999999998 -0.8642513935247393 -0.10305876188283497 0.12970834470359424 -0.8642939059421132 -0.10270714060844556 0.12970715082868162 0.8921158509519671 0.05 0.0 0.0 0 0 3.0 0
0.21999999999999997 -0.8643528843732368 -0.10220338060032497 0.12970866993690752 -0.8643978345337923 -0.10182875936555465 0.12970715082868162 0.8773151830614871 0.05 0.0 0.0 0 0 3.0 0
0.23999999999999996 -0.8644635806969007 -0.10126230863591902 0.12970902701004128 -0.8645106114057894 -0.10086681985383247 0.12970715082868162 0.8852819980320212 0.05 0.0 0.0 0 0 3.0 0
0.25999999999999995 -0.8645831542560021 -0.10023570687920685 0.12970939196951384 -0.8646319509892026 -0.0998213499670413 0.12970715082868162 0.8833181905107226 0.05 0.0 0.0 0 0 3.0 0
0.27999999999999997 -0.8647113012882902 -0.09912375217476128 0.1297097756501021 -0.8647615431925406 -0.09869238063747966 0.12970715082868162 0.871609025660276 0.05 0.0 0.0 0 0 3.0 0
0.3 -0.8648476445868349 -0.09792661693056377 0.12971015653704066 -0.8648990534801407 -0.09747994598784993 0.12970715082868162 0.88385152489596 0.05 0.0 0.0 0 0 3.0 0
0.32 -0.864991829071065 -0.09664448113360412 0.12971054540901406 -0.8650441229572728 -0.09618408349472436 0.12970715082868162 0.8782169687858112 0.05 0.0 0.0 0 0 3.0 0
0.34 -0.8651434311511096 -0.09527751584033659 0.12971092332805084 -0.8651963684620231 -0.09480483416347796 0.12970715082868162 0.8718124096166628 0.05 0.0 0.0 0 0 3.0 0
0.36000000000000004 -0.8653020466671503 -0.09382589561256414 0.12971130117987106 -0.865355382664056 -0.09334224271455475 0.12970715082868162 0.8745481780355644 0.05 0.0 0.0 0 0 3.0 0
0.38000000000000006 -0.8654672070968594 -0.09228978477459192 0.1297116624430269 -0.8655207341703576 -0.0917963577809188 0.12970715082868162 0.8741993273457249 0.05 0.0 0.0 0 0 3.0 0
0.4000000000000001 -0.8656384605565811 -0.09066934957422251 0.12971201806028243 -0.8656919676380745 -0.09016723211653131 0.12970715082868162 0.8802072261385989 0.05 0.0 0.0 0 0 3.0 0
0.4200000000000001 -0.8658152943994275 -0.08896474649485574 0.12971235364383954 -0.8658686038945561 -0.08845492281569044 0.12970715082868162 0.8811232380408327 0.05 0.0 0.0 0 0 3.0 0
0.4400000000000001 -0.8659972098814466 -0.08717613375765568 0.12971268006094067 -0.8660501400647286 -0.08665949154305791 0.12970715082868162 0.8831255242926577 0.05 0.0 0.0 0 0 3.0 0
0.46000000000000013 -0.8661836507048466 -0.08530366122904431 0.12971298474572857 -0.8662360497059203 -0.08478100477418248 0.12970715082868162 0.8724916892815249 0.05 0.0 0.0 0 0 3.0 0
0.48000000000000015 -0.8663740718816085 -0.0833474810709398 0.12971327834263016 -0.8664257829502686 -0.08281953404633088 0.12970715082868162 0.8715633687371493 0.05 0.0 0.0 0 0 3.0 0
0.5000000000000001 -0.8665678737928209 -0.08130773894120288 0.12971354981346608 -0.866618766654846 -0.0807751562194158 0.12970715082868162 0.8758727232584753 0.05 0.0 0.0 0 0 3.0 0
0.5200000000000001 -0.8667644657253635 -0.07918458371417748 0.12971380944982736 -0.8668144045596363 -0.07864795374681124 0.12970715082868162 0.8701519495488776 0.05 0.0 0.0 0 0 3.0 0
0.5400000000000001 -0.8669632050402075 -0.07697815976922918 0.12971404748398008 -0.8670120774535097 -0.07643801495582467 0.12970715082868162 0.8668522908176384 0.05 0.0 0.0 0 0 3.0 0
0.5600000000000002 -0.8671634558109133 -0.07468861577200653 0.12971427375414024 -0.8672111433483349 -0.07414543433759675 0.12970715082868162 0.8591448868295162 0.05 0.0 0.0 0 0 3.0 0
0.5800000000000002 -0.8673645327182331 -0.07231609790667712 0.12971447954804693 -0.8674109376613824 -0.07177031284618295 0.12970715082868162 0.855425443038285 0.05 0.0 0.0 0 0 3.0 0
0.6000000000000002 -0.8675657551795405 -0.06986075774726491 0.12971467418134658 -0.8676107734061606 -0.06931275820656164 0.12970715082868162 0.8509958171583858 0.05 0.0 0.0 0 0 3.0 0
0.6200000000000002 -0.8677663956124374 -0.06732274632664868 0.12971484982259035 -0.8678099413918489 -0.0667728852313079 0.12970715082868162 0.8632671360839008 0.05 0.0 0.0 0 0 3.0 0
0.6400000000000002 -0.8679657294100415 -0.06470222114827058 0.12971501522394427 -0.8680077104314706 -0.06415081614565654 0.12970715082868162 0.8565317831388857 0.05 0.0 0.0 0 0 3.0 0
0.6600000000000003 -0.8681629872414496 -0.061999341008255215 0.12971516329534769 -0.868203327558971 -0.06144668092067558 0.12970715082868162 0.8550568621667538 0.05 0.0 0.0 0 0 3.0 0
0.6800000000000003 -0.8683574011978025 -0.05921427220778927 0.12971530220788785 -0.8683960182553534 -0.05866061761425166 0.12970715082868162 0.8605879454923064 0.05 0.0 0.0 0 0 3.0 0
0.7000000000000003 -0.8685481608217568 -0.05634718405936743 0.12971542550271314 -0.8685849866840306 -0.05579277271959125 0.12970715082868162 0.8491112456069005 0.05 0.0 0.0 0 0 3.0 0
0.7200000000000003 -0.8687344557225537 -0.05339825436361402 0.1297155407702528 -0.8687694159355556 -0.05284330152092164 0.12970715082868162 0.8513870764389229 0.05 0.0 0.0 0 0 3.0 0
0.7400000000000003 -0.868915435049734 -0.050367665540088896 0.12971564209613073 -0.8689484682818851 -0.049812368456069935 0.12970715082868162 0.8519079680797064 0.05 0.0 0.0 0 0 3.0 0
0.7600000000000003 -0.869090246851443 -0.04725560943199244 0.12971573650371274 -0.8691212854403356 -0.04670014748559205 0.12970715082868162 0.8408875813186336 0.05 0.0 0.0 0 0 3.0 0
0.7800000000000004 -0.8692580007293172 -0.04406228400827957 0.12971581855470554 -0.8692869888473922 -0.04350682246810744 0.12970715082868162 0.850801274228213 0.05 0.0 0.0 0 0 3.0 0
0.8000000000000004 -0.8694178041925227 -0.04078789755723934 0.12971589472809014 -0.8694446799425216 -0.04023258754149151 0.12970715082868162 0.8420202644052484 0.05 0.0 0.0 0 0 3.0 0
0.8200000000000004 -0.8695687282509746 -0.037432665911152005 0.12971596000735083 -0.8695934404621494 -0.03687764750956628 0.12970715082868162 0.8305802091652534 0.05 0.0 0.0 0 0 3.0 0
0.8400000000000004 -0.8697098409978098 -0.03399681608618434 0.1297160203555718 -0.8697323327439497 -0.033442218233918644 0.12970715082868162 0.8450299380241186 0.05 0.0 0.0 0 0 3.0 0
0.8600000000000004 -0.8698401759168808 -0.030480583984258673 0.12971607113439576 -0.8698604000415997 -0.029926527030470607 0.12970715082868162 0.8339718106976861 0.05 0.0 0.0 0 0 3.0 0
0.8800000000000004 -0.8699587629082531 -0.02688421753266706 0.12971611782279102 -0.8699766668501452 -0.026330813070413794 0.12970715082868162 0.8108116728863368 0.05 0.0 0.0 0 0 3.0 0
0.9000000000000005 -0.8700645991032903 -0.023207974820655595 0.12971615612496673 -0.8700801392421199 -0.022655327785109532 0.12970715082868162 0.8372448231948177 0.05 0.0 0.0 0 0 3.0 0
0.9200000000000005 -0.8701566775311588 -0.01945212678799285 0.12971619106898913 -0.8701698052145609 -0.018900335274555244 0.12970715082868162 0.8162724481586539 0.05 0.0 0.0 0 0 3.0 0
0.9400000000000005 -0.870233960250857 -0.015616955756272189 0.12971621867204058 -0.8702446350470515 -0.015066112718997528 0.12970715082868162 0.8344571671114387 0.05 0.0 0.0 0 0 3.0 0
0.9600000000000005 -0.8702954048414413 -0.011702757711574283 0.12971624354459796 -0.8703035816709249 -0.011152950793273726 0.12970715082868162 0.8254989864937374 0.05 0.0 0.0 0 0 3.0 0
0.9800000000000005 -0.8703399396751367 -0.007709841192799715 0.12971626199170583 -0.8703455810497521 -0.007161154083449364 0.12970715082868162 0.8097042052424825 0.05 0.0 0.0 0 0 3.0 0
1.0000000000000004 -0.8703664883999405 -0.003638529209649244 0.12971627823875231 -0.8703695525712339 -0.0030910415053151804 0.12970715082868162 0.7972360378977976 0.05 0.0 0.0 0 0 3.0 0
1.0200000000000005 -0.8703739471915721 0.0005108415475045891 0.12971628885688752 -0.8703743994506099 0.0010570532757081148 0.12970715082868162 0.8178027053401267 0.05 0.0 0.0 0 0 3.0 0
1.0400000000000005 -0.8703612073841502 0.004737919116778824 0.1297162977175053 -0.8703590091456899 0.005282781423705575 0.12970715082868162 0.82071229955704 0.05 0.0 0.0 0 0 3.0 0
1.0600000000000005 -0.8703271345512764 0.00904233676674255 0.1297163016386489 -0.8703222537836071 0.009585778510910713 0.12970715082868162 0.8038038305096027 0.05 0.0 0.0 0 0 3.0 0
1.0800000000000005 -0.8702705894285354 0.013423711698610837 0.12971630416704155 -0.8702629905993854 0.013965664096326633 0.12970715082868162 0.8209421016209395 0.05 0.0 0.0 0 0 3.0 0
1.1000000000000005 -0.8701904086855347 0.01788164529135927 0.12971630235036033 -0.8701800623864017 0.01842204130479573 0.12970715082868162 0.8015614690038793 0.05 0.0 0.0 0 0 3.0 0
1.1200000000000006 -0.8700854242729529 0.02241572206602064 0.12971629943803073 -0.8700722979588179 0.022954496407010035 0.12970715082868162 0.8110378370429538 0.05 0.0 0.0 0 0 3.0 0
1.1400000000000006 -0.869954445757968 0.027025509703275476 0.12971629269163976 -0.8699385126260508 0.027562598400945944 0.12970715082868162 0.7963737601873409 0.05 0.0 0.0 0 0 3.0 0
1.1600000000000006 -0.8697962782183951 0.03171055824185721 0.12971628508866484 -0.8697775086793311 0.0322458985952244 0.12970715082868162 0.7769285749231609 0.05 0.0 0.0 0 0 3.0 0
1.1800000000000006 -0.8696097060237004 0.036470399896013916 0.12971627409012057 -0.8695880758904002 0.037003930194898144 0.12970715082868162 0.7819144341249333 0.05 0.0 0.0 0 0 3.0 0
1.2000000000000006 -0.8693935093893632 0.04130454846273212 0.1297162624248832 -0.8693689920223793 0.041836207890174636 0.12970715082868162 0.7870252487725355 0.05 0.0 0.0 0 0 3.0 0
1.2200000000000006 -0.8691464494946484 0.04621249896460568 0.12971624773994528 -0.8691190233528329 0.04674222744858713 0.12970715082868162 0.7783824325812929 0.05 0.0 0.0 0 0 3.0 0
1.2400000000000007 -0.8688672838016397 0.0511937272430788 0.12971623253699255 -0.8688369252090443 0.05172146531113657 0.12970715082868162 0.7685484846716502 0.05 0.0 0.0 0 0 3.0 0
1.2600000000000007 -0.8685547524092064 0.05624768945047306 0.12971621463643496 -0.8685214425154975 0.05677337819292563 0.12970715082868162 0.7806232693922333 0.05 0.0 0.0 0 0 3.0 0
1.2800000000000007 -0.8682075922331164 0.06137382180874087 0.1297161963323476 -0.8681713103535597 0.06189740268881257 0.12970715082868162 0.765174277836348 0.05 0.0 0.0 0 0 3.0 0
1.3000000000000007 -0.8678245245032359 0.06657153997269585 0.12971617560678472 -0.8677852545333368 0.06709295488461883 0.12970715082868162 0.771498685994606 0.05 0.0 0.0 0 0 3.0 0
1.3200000000000007 -0.8674042678937016 0.07184023893587345 0.12971615456407543 -0.8673619921776685 0.07235942997442463 0.12970715082868162 0.7648468422044503 0.05 0.0 0.0 0 0 3.0 0
1.3400000000000007 -0.8669455270773838 0.07717929228538643 0.12971613133686383 -0.8669002323182075 0.07769620188449117 0.12970715082868162 0.7540366360501807 0.05 0.0 0.0 0 0 3.0 0
1.3600000000000008 -0.8664470048882262 0.08258805223842354 0.1297161078560136 -0.866398676503522 0.08310262290435162 0.12970715082868162 0.7630026526775389 0.05 0.0 0.0 0 0 3.0 0
1.3800000000000008 -0.8659073918534363 0.0880658488076111 0.129716082394364 -0.8658560194191438 0.08857802332561247 0.12970715082868162 0.7652447933964852 0.05 0.0 0.0 0 0 3.0 0
1.4000000000000008 -0.8653253774637447 0.09361198995345661 0.12971605672414252 -0.8652709495194634 0.09412171108901282 0.12970715082868162 0.7568667779305636 0.05 0.0 0.0 0 0 3.0 0
1.4200000000000008 -0.8646996406097041 0.09922576067764009 0.12971602924860873 -0.8646421496713705 0.09973297144028463 0.12970715082868162 0.7456783573842278 0.05 0.0 0.0 0 0 3.0 0
1.4400000000000008 -0.8640288600297357 0.10490642327833774 0.12971600159485477 -0.8639682978095119 0.10541106659536381 0.12970715082868162 0.7401798954360297 0.05 0.0 0.0 0 0 3.0 0
1.4600000000000009 -0.863311705582369 0.11065321638749212 0.12971597228737694 -0.8632480676030283 0.11115523541549875 0.12970715082868162 0.7380235751687609 0.05 0.0 0.0 0 0 3.0 0
1.4800000000000009 -0.8625468479364906 0.11646535531744234 0.12971594282042093 -0.8624801291336194 0.11696469309279968 0.12970715082868162 0.7301663101388141 0.05 0.0 0.0 0 0 3.0 0
1.5000000000000009 -0.8617329506163699 0.12234203105692729 0.12971591183109704 -0.8616631495847584 0.12283863084678029 0.12970715082868162 0.7236286680829307 0.05 0.0 0.0 0 0 3.0 0
1.520000000000001 -0.8608686789934776 0.12828241069881247 0.12971588069199794 -0.8607957939418776 0.12877621563243025 0.12970715082868162 0.7106462762316379 0.05 0.0 0.0 0 0 3.0 0
1.540000000000001 -0.8599526930457619 0.13428563640836455 0.12971584814475992 -0.859876725703312 0.13477658986036445 0.12970715082868162 0.7094857543420467 0.05 0.0 0.0 0 0 3.0 0
1.560000000000001 -0.8589836557057252 0.14035082592310874 0.1297158154505199 -0.8589046076017877 0.1408388711295877 0.12970715082868162 0.7098116543869841 0.05 0.0 0.0 0 0 3.0 0
1.580000000000001 -0.8579602262796536 0.14647707150577072 0.12971578144786394 -0.8578781023362132 0.14696215197340942 0.12970715082868162 0.7136736682195639 0.05 0.0 0.0 0 0 3.0 0
1.600000000000001 -0.8568810682023169 0.15266344050843128 0.12971574729577084 -0.8567958733135163 0.15314549961904395 0.12970715082868162 0.7181680229868594 0.05 0.0 0.0 0 0 3.0 0
1.620000000000001 -0.8557448430657616 0.1589089743214614 0.12971571192268694 -0.8556565854002605 0.15938795576141981 0.12970715082868162 0.6899489490140431 0.05 0.0 0.0 0 0 3.0 0
1.640000000000001 -0.8545502178269712 0.1652126889951682 0.12971567639391385 -0.8544589056837437 0.16568853635172445 0.12970715082868162 0.6935721980644438 0.05 0.0 0.0 0 0 3.0 0
1.660000000000001 -0.8532958593994396 0.1715735741950446 0.12971563972113617 -0.8532015042422757 0.17204623140120082 0.12970715082868162 0.6970306518697247 0.05 0.0 0.0 0 0 3.0 0
1.680000000000001 -0.8519804413564018 0.17799059387503208 0.12971560288371936 -0.8518830549243077 0.17846000480070193 0.12970715082868162 0.672937932555016 0.05 0.0 0.0 0 0 3.0 0
1.700000000000001 -0.8506026390417104 0.18446268524846582 0.12971556497040534 -0.8505022361360698 0.18492879415651403 0.12970715082868162 0.6656759816698221 0.05 0.0 0.0 0 0 3.0 0
1.720000000000001 -0.8491611358077962 0.190988759507916 0.12971552688169735 -0.849057731637358 0.19145151064293478 0.12970715082868162 0.6761011239452757 0.05 0.0 0.0 0 0 3.0 0
1.740000000000001 -0.8476546186054155 0.19756770082032904 0.12971548777763298 -0.8475482313450866 0.19802703887210263 0.12970715082868162 0.6481396744590027 0.05 0.0 0.0 0 0 3.0 0
1.7600000000000011 -0.8460817837922943 0.20419836708916048 0.1297154484863173 -0.845972432144216 0.20465423678154676 0.12970715082868162 0.6585452178907176 0.05 0.0 0.0 0 0 3.0 0
1.7800000000000011 -0.844441333164124 0.21087958898138698 0.12971540823372213 -0.8443290387056365 0.21133193553993054 0.12970715082868162 0.6584447662815032 0.05 0.0 0.0 0 0 3.0 0
1.8000000000000012 -0.8427319793668628 0.21761017072831385 0.1297153677814698 -0.8426167643105769 0.21805893947144495 0.12970715082868162 0.6448510336563353 0.05 0.0 0.0 0 0 3.0 0
1.8200000000000012 -0.8409524423339461 0.2243888891913571 0.12971532641647598 -0.8408343316810902 0.22483402599929522 0.12970715082868162 0.6399027332857239 0.05 0.0 0.0 0 0 3.0 0
1.8400000000000012 -0.8391014543324575 0.2312144946985017 0.12971528483929448 -0.8389804738161482 0.23165594560871697 0.12970715082868162 0.628049019181272 0.05 0.0 0.0 0 0 3.0 0
1.8600000000000012 -0.8371777567738974 0.23808571015502636 0.12971524239315152 -0.8370539348328587 0.23852342182994438 0.12970715082868162 0.6422667974259693 0.05 0.0 0.0 0 0 3.0 0
1.8800000000000012 -0.8351801049218818 0.24500123191311074 0.12971519972249285 -0.8350534708123087 0.24543515124153276 0.12970715082868162 0.6257092034985614 0.05 0.0 0.0 0 0 3.0 0
1.9000000000000012 -0.8331072650460026 0.25195972893299 0.1297151562225513 -0.8329778506495102 0.25238980349443557 0.12970715082868162 0.6205643202738402 0.05 0.0 0.0 0 0 3.0 0
1.9200000000000013 -0.8309580188163321 0.25895984368366526 0.12971511248620957 -0.8308258569069175 0.2593860213572113 0.12970715082868162 0.6237314846398834 0.05 0.0 0.0 0 0 3.0 0
1.9400000000000013 -0.8287311607719385 0.26600019135932945 0.12971506795671678 -0.8285962866709646 0.26642242078272294 0.12970715082868162 0.6096711017607352 0.05 0.0 0.0 0 0 3.0 0
1.9600000000000013 -0.8264255024252662 0.2730793608095272 0.12971502317956202 -0.8262879524110531 0.2734975909966789 0.12970715082868162 0.6123048633216206 0.05 0.0 0.0 0 0 3.0 0
1.9800000000000013 -0.8240398700187335 0.28019591381508757 0.1297149776423116 -0.8238996828404125 0.28061009460834674 0.12970715082868162 0.6049237298587151 0.05 0.0 0.0 0 0 3.0 0
2.0000000000000013 -0.8215731083600174 0.28734838604640894 0.12971493184688496 -0.8214303237782301 0.2877584677437477 0.12970715082868162 0.5825133546837464 0.05 0.0 0.0 0 0 3.0 0
2.0200000000000014 -0.8190240788418812 0.29453528640256155 0.12971488532173886 -0.8188787390124438 0.2949412202016319 0.12970715082868162 0.5753548030496392 0.05 0.0 0.0 0 0 3.0 0
2.0400000000000014 -0.8163916630275004 0.301755097996651 0.129714838528735 -0.8162438111625644 0.3021568356325064 0.12970715082868162 0.5735523025774694 0.05 0.0 0.0 0 0 3.0 0
2.0600000000000014 -0.8136747609102551 0.3090062775612084 0.12971479103404843 -0.8135244425418926 0.30940377174097333 0.12970715082868162 0.5744544967745104 0.05 0.0 0.0 0 0 3.0 0
2.0800000000000014 -0.8108722942664773 0.3162872564598126 0.12971474326270688 -0.8107195560184736 0.3166804605116118 0.12970715082868162 0.5714256317919881 0.05 0.0 0.0 0 0 3.0 0
2.1000000000000014 -0.8079832051334173 0.3235964401613692 0.1297146948156689 -0.8078280958741212 0.3239853084586232 0.12970715082868162 0.5633014430872152 0.05 0.0 0.0 0 0 3.0 0
2.1200000000000014 -0.8050064589451684 0.33093220927734857 0.12971464608409022 -0.8048490286608355 0.331316696899427 0.12970715082868162 0.5436098574923884 0.05 0.0 0.0 0 0 3.0 0
2.1400000000000015 -0.8019410432083768 0.33829291910706677 0.1297145967009995 -0.801781344053922 0.33867298225238424 0.12970715082868162 0.563909220097806 0.05 0.0 0.0 0 0 3.0 0
2.1600000000000015 -0.7987859704355942 0.34567690070002804 0.1297145470264009 -0.7986240557011072 0.34605249635879287 0.12970715082868162 0.5370199637132558 0.05 0.0 0.0 0 0 3.0 0
2.1800000000000015 -0.7955402769995664 0.35308246047385317 0.12971449672288513 -0.795376202066944 0.35345354682928437 0.12970715082868162 0.518792652815341 0.05 0.0 0.0 0 0 3.0 0
2.2000000000000015 -0.7922030258768795 0.360507881301307 0.1297144461218068 -0.7920368472717815 0.3608744174147209 0.12970715082868162 0.548144978331462 0.05 0.0 0.0 0 0 3.0 0
2.2200000000000015 -0.7887733056628288 0.3679514222020738 0.12971439491300196 -0.7886050819245661 0.36831336840167206 0.12970715082868162 0.5234163324219041 0.05 0.0 0.0 0 0 3.0 0
2.2400000000000015 -0.7852502331369455 0.37541131945410305 0.12971434340147311 -0.7850800239487423 0.37576863703252283 0.12970715082868162 0.5099770575538782 0.05 0.0 0.0 0 0 3.0 0
2.2600000000000016 -0.7816329524215408 0.3828857863600079 0.1297142913021622 -0.7814608194004967 0.3832384379502424 0.12970715082868162 0.5123050999589687 0.05 0.0 0.0 0 0 3.0 0
2.2800000000000016 -0.7779206373795222 0.3903730143823793 0.12971423889583525 -0.7777466432786015 0.3907209636678138 0.12970715082868162 0.5146853052977878 0.05 0.0 0.0 0 0 3.0 0
2.3000000000000016 -0.7741124909007209 0.3978711729851727 0.1297141859205631 -0.7739367003250912 0.3982143850623022 0.12970715082868162 0.4924233487286907 0.05 0.0 0.0 0 0 3.0 0
2.3200000000000016 -0.7702077471413241 0.40537841079262993 0.1297141326348208 -0.7700302258160113 0.4057168518935097 0.12970715082868162 0.4963558810764959 0.05 0.0 0.0 0 0 3.0 0
2.3400000000000016 -0.7662056709230464 0.41289285550562954 0.12971407879798352 -0.7660264863414724 0.4132264933471417 0.12970715082868162 0.47550355772572456 0.05 0.0 0.0 0 0 3.0 0
2.3600000000000017 -0.762105559822513 0.420412615083809 0.12971402464802412 -0.7619247805742357 0.42074141860237657 0.12970715082868162 0.4709089071020654 0.05 0.0 0.0 0 0 3.0 0
2.3800000000000017 -0.757906743669222 0.4279357777364813 0.12971396996394066 -0.7577244400260555 0.42825971742371244 0.12970715082868162 0.4716868109275643 0.05 0.0 0.0 0 0 3.0 0
2.4000000000000017 -0.7536085864923079 0.43546041312748085 0.1297139149648475 -0.7534248297910082 0.43577946077692514 0.12970715082868162 0.4575157062741964 0.05 0.0 0.0 0 0 3.0 0
2.4200000000000017 -0.7492104861040793 0.4429845724398884 0.12971385944781413 -0.7490253492750273 0.44329870146895417 0.12970715082868162 0.44997191946159104 0.05 0.0 0.0 0 0 3.0 0
2.4400000000000017 -0.7447118759107652 0.450506289603031 0.12971380361461055 -0.7445254329108699 0.4508154748115014 0.12970715082868162 0.43917895086617503 0.05 0.0 0.0 0 0 3.0 0
2.4600000000000017 -0.7401122245691998 0.4580235814299114 0.12971374727894586 -0.7399245508577466 0.4583277993080928 0.12970715082868162 0.43973690378909286 0.05 0.0 0.0 0 0 3.0 0
2.4800000000000018 -0.7354110376674079 0.4655344488656812 0.12971369062663932 -0.7352222096848365 0.4658336773643399 0.12970715082868162 0.4365093579074569 0.05 0.0 0.0 0 0 3.0 0
2.5000000000000018 -0.7306078574427487 0.4730368771963365 0.1297136334867182 -0.7304179530379245 0.47333109602108964 0.12970715082868162 0.4190713796169386 0.05 0.0 0.0 0 0 3.0 0
2.520000000000002 -0.7257022643375207 0.4805288373178535 0.129713576030333 -0.7255113622883967 0.48081802771014354 0.12970715082868162 0.40814825222081447 0.05 0.0 0.0 0 0 3.0 0
2.540000000000002 -0.7206938767675868 0.48800828601439544 0.12971351810061404 -0.7205020571638383 0.48829243103217823 0.12970715082868162 0.40311677401019336 0.05 0.0 0.0 0 0 3.0 0
2.560000000000002 -0.71558235255757 0.49547316724715 0.12971345985522112 -0.7153896963594796 0.4957522515564897 0.12970715082868162 0.40270443744319523 0.05 0.0 0.0 0 0 3.0 0
2.580000000000002 -0.7103673887496534 0.5029214124999901 0.12971340115026483 -0.7101739781297525 0.5031954226421375 0.12970715082868162 0.3923025150812765 0.05 0.0 0.0 0 0 3.0 0
2.600000000000002 -0.7050487229223955 0.5103509420868951 0.12971334213100044 -0.7048546408592189 0.5106198662800526 0.12970715082868162 0.3767227188403695 0.05 0.0 0.0 0 0 3.0 0
2.620000000000002 -0.6996261330300426 0.517759665562713 0.1297132826654866 -0.69943146361215 0.5180234939556342 0.12970715082868162 0.37532256891477284 0.05 0.0 0.0 0 0 3.0 0
2.640000000000002 -0.6940994386085125 0.5251454830478796 0.12971322288757065 -0.6939042666600426 0.525404207531331 0.12970715082868162 0.3841086191571688 0.05 0.0 0.0 0 0 3.0 0
2.660000000000002 -0.6884685006361742 0.5325062857016547 0.12971316267630706 -0.6882729119863675 0.5327599001486913 0.12970715082868162 0.3528460449335434 0.05 0.0 0.0 0 0 3.0 0
2.680000000000002 -0.6827332226301259 0.5398399570626753 0.12971310215505535 -0.6825373037678697 0.540088457149312 0.12970715082868162 0.3601680867287749 0.05 0.0 0.0 0 0 3.0 0
2.700000000000002 -0.6768935505199886 0.5471443735817729 0.1297130412129882 -0.6766973888317379 0.5473877570141163 0.12970715082868162 0.34925873784353484 0.05 0.0 0.0 0 0 3.0 0
2.720000000000002 -0.6709494736372446 0.5544174059767162 0.1297129799638218 -0.6707531570879894 0.5546556723203439 0.12970715082868162 0.3481732143314909 0.05 0.0 0.0 0 0 3.0 0
2.740000000000002 -0.6649010245941606 0.5616569198214664 0.1297129183060393 -0.6647046419364268 0.5618900707156196 0.12970715082868162 0.31936148603090647 0.05 0.0 0.0 0 0 3.0 0
2.760000000000002 -0.6587482801686392 0.5688607769132827 0.12971285634449153 -0.6585519206475404 0.5690888159084425 0.12970715082868162 0.31594103866635065 0.05 0.0 0.0 0 0 3.0 0
2.780000000000002 -0.6524913611809462 0.576026835915036 0.12971279398622787 -0.6522951147167495 0.5762497686744006 0.12970715082868162 0.30984421633603293 0.05 0.0 0.0 0 0 3.0 0
2.800000000000002 -0.6461304332762626 0.5831529537326658 0.12971273132794972 -0.645934390191395 0.5833707878774084 0.12970715082868162 0.2945905066837931 0.05 0.0 0.0 0 0 3.0 0
2.820000000000002 -0.6396657067924334 0.5902369862069523 0.12971266828458694 -0.6394699579699173 0.5904497315052227 0.12970715082868162 0.29544465894419264 0.05 0.0 0.0 0 0 3.0 0
2.840000000000002 -0.6330974374421894 0.5972767894991298 0.12971260494534964 -0.6329020740726703 0.5974844577184831 0.12970715082868162 0.29779015513943113 0.05 0.0 0.0 0 0 3.0 0
2.860000000000002 -0.6264259261656621 0.6042702208283137 0.12971254123241754 -0.6262310398838493 0.604472825912489 0.12970715082868162 0.2836992279561584 0.05 0.0 0.0 0 0 3.0 0
2.880000000000002 -0.6196515197140766 0.6112151398628997 0.1297124772281158 -0.6194572023640366 0.6114126977909097 0.12970715082868162 0.2715829260851566 0.05 0.0 0.0 0 0 3.0 0
2.900000000000002 -0.6127746104812881 0.6181094094996503 0.12971241286129187 -0.6125809542328803 0.6183019384506014 0.12970715082868162 0.2684093797181038 0.05 0.0 0.0 0 0 3.0 0
2.920000000000002 -0.6057956369906186 0.6249508972583343 0.12971234820794325 -0.6056027341214607 0.6251384174766808 0.12970715082868162 0.25718907046194867 0.05 0.0 0.0 0 0 3.0 0
2.940000000000002 -0.5987150837001777 0.6317374760983111 0.12971228320305134 -0.5985230266939199 0.6319200100469891 0.12970715082868162 0.2367859942387805 0.05 0 0 0.0023235391957410778 10.835971155912205 3.0 1
2.960000000000002 -0.591533481394424 0.6384670258136995 0.12971221791679777 -0.5913423627379519 0.6386445980450581 0.12970715082868162 0.2477703369810656 0.05 0 0 0.002467044514513316 0.5698686701997999 3.0 1
2.980000000000002 -0.5866523258713523 0.6430431628094683 0.12971662244660323 -0.5840613192237885 0.6453100711806729 0.12970715082868162 0.24843005801345514 0.05 0 0 0.03315186179630427 0.9250464620215781 3.0 1
3.000000000000002 -0.5832866683208862 0.6460926387020047 0.12966259594825913 -0.5766805193313312 0.6519143281171105 0.12970715082868162 0.23844452242151576 0.05 0 0 0.08109526451230431 1.1889332244543738 3.0 1
3.0200000000000022 -0.5809125406261444 0.6482951573488309 0.12964648726578215 -0.569200632445125 0.6584552776041114 0.12970715082868162 0.22701429881866636 0.05 0 0 0.1355202597755686 0.3542873796069157 3.0 1
3.0400000000000023 -0.5789565440164781 0.6499984622254094 0.1295845400551502 -0.5616223741168834 0.6649308396156347 0.12970715082868162 0.23637785522666005 0.05 0 0 0.21276158932795297 0.6948853316878608 3.0 1
3.0600000000000023 -0.5771938437284695 0.6516315485971182 0.12959039761929697 -0.5539465059953187 0.6713389464914244 0.12970715082868162 0.22671160200730173 0.05 0 0 0.2715372091483474 0.4561369612694805 3.0 1
3.0800000000000023 -0.5751832916886543 0.6533346528422481 0.12954042693219125 -0.5461738357230527 0.6776775440814055 0.12970715082868162 0.21879509907087208 0.05 0 0 0.32335376302482827 0.7876843474332059 3.0 1
3.1000000000000023 -0.5729310154998278 0.6553944534284479 0.1295807525165485 -0.5383052168004185 0.6839445928919183 0.12970715082868162 0.21565712590887626 0.05 0 0 0.3796014748738235 0.5490185716669298 3.0 1
3.1200000000000023 -0.5701816727325304 0.6576896630360375 0.12953916999866172 -0.5303415484160016 0.6901380692327842 0.12970715082868162 0.21044677125462213 0.05 0 0 0.4220946503716724 0.4474514520704056 3.0 1
3.1400000000000023 -0.5670727352195596 0.6604829263034175 0.1296105883754401 -0.5222837752437914 0.6962559663641886 0.12970715082868162 0.210546690317109 0.05 0 0 0.4782677888409845 0.7424557587942582 3.0 1
3.1600000000000024 -0.5633692196717989 0.6635149931607977 0.1295647605666424 -0.5141328872068585 0.7022962956423574 0.12970715082868162 0.21523105694938655 0.05 0 0 0.5496435806565594 0.2406371711556925 3.0 1
3.1800000000000024 -0.5592957191430219 0.6670987316636796 0.12966343947912903 -0.5058899192074958 0.7082570876629976 0.12970715082868162 0.21279677269446623 0.05 0 0 0.5894667108329004 0.022109854177996713 3.0 1
3.2000000000000024 -0.5544533510054162 0.6709545687054354 0.1296011032220565 -0.49755595082380893 0.7141363934014655 0.12970715082868162 0.1890914079646826 0.05 0 0 0.5050730950857972 0.9867847338242439 3.0 1
3.2200000000000024 -0.5492527274147408 0.6754130578517642 0.12972987923438317 -0.4891321059727642 0.7199322853486195 0.12970715082868162 0.17266106490825728 0.05 0.03813655284163886 0 0.4321331039857903 0.5560440605931647 3.0 1
3.2400000000000024 -0.5437483031461446 0.6796369359198076 0.12963813795921825 -0.48061955253974487 0.7256428586413105 0.12970715082868162 0.18511267619306626 0.05 0 0 0.5379109949260833 0.6869108252570657 3.0 1
3.2600000000000025 -0.5387139632289135 0.6839018234307577 0.1297914541485981 -0.4720195019747012 0.7312662321864675 0.12970715082868162 0.17384142730831942 0.05 0.01871058363686595 0 0.4897292272158671 0.38471279627928073 3.0 1
3.2800000000000025 -0.5331547380009923 0.6879480447936155 0.12964676317119966 -0.4633332088550064 0.7368005497777268 0.12970715082868162 0.18614843157392824 0.05 0 0 0.6052092135251879 0.6851131134840004 3.0 1
3.3000000000000025 -0.5279442362554938 0.6923036331862041 0.1298426092036405 -0.45456197041518515 0.742243981203554 0.12970715082868162 0.16645591268095083 0.05 0.14673513988863807 0 0.4865585514369462 0.9113568944886509 3.0 1
3.3200000000000025 -0.521953532731491 0.6964323983410686 0.12964182898430437 -0.4457071260436938 0.7475947233458167 0.12970715082868162 0.15623744980392318 0.05 0.3532191375208247 0.00025777905302677907 0.42712992225837615 -0.09109481511851614 3.0 1
3.3400000000000025 -0.5166682543462262 0.7008218663995229 0.12991030168935608 -0.4367700567469884 0.7528510012677609 0.12970715082868162 0.16479632822759605 0.05 0.1777700024024127 0 0.5132526223822796 0.5201354281625166 3.0 1
3.3600000000000025 -0.5114909689267155 0.704091131597294 0.12967288582227326 -0.4277521845811352 0.7580110692903527 0.12970715082868162 0.15596827839555094 0.05 0.35919658019560874 0 0.46387557040928973 0.03426899761100932 3.0 1
3.3800000000000026 -0.5068349827186697 0.708032774648966 0.13004107772667323 -0.4186549720512703 0.7630732120559519 0.12970715082868162 0.13874805914045596 0.05 0.8169630121639142 0 0.34868557107194514 0.8453126337413197 3.0 1
3.4000000000000026 -0.5018887214800484 0.7108843923078959 0.12974850497386095 -0.40947992147923323 0.7680357455782892 0.12970715082868162 0.13423537072596792 0.05 0.9678743958199321 0 0.32950989756959964 0.21101345819551176 3.0 1
3.4200000000000026 -0.49879785180410385 0.7137745355795722 0.13029485901478638 -0.4002285743397557 0.772897018277729 0.12970715082868162 0.13504987780334488 0.05 0.9394516071858239 0 0.3567076357694577 0.2450096865726453 3.0 1
3.4400000000000026 -0.4959916784669705 0.7148747580690931 0.13005328688768167 -0.390902510565597 0.7776554120008108 0.12970715082868162 0.11337367238493451 0.05 1.944855814595829 0 0.2129758756295543 1.062001886617341 3.0 1
3.4600000000000026 -0.49469884767777195 0.7166595472643328 0.1308199769767963 -0.38150334782207895 0.7823093430230673 0.12970715082868162 0.14033712369095463 0.05 0.7674115555777017 0 0.45656028719596997 1.4244000332154374 3.0 1
3.4800000000000026 -0.4945833245515748 0.7156296034576598 0.13070619117951626 -0.3720327407514872 0.7868572630341378 0.12970715082868162 0.13151919109726673 0.05 1.0667625210081644 0 0.4039624158862349 0.40776845689827707 3.0 1
3.5000000000000027 -0.494841506069538 0.7165349626665733 0.13176975020693615 -0.3624923801878517 0.7912976601042009 0.12970715082868162 0.14027372134252103 0.05 0.7693552041732898 0 0.5292173416911155 0.5218429852431585 3.0 1
3.5200000000000027 -0.4940109111639656 0.7158746441035156 0.13159189281688055 -0.3528839923426497 0.7956290596307743 0.12970715082868162 0.12195945267631159 0.05 1.4741787312439882 0 0.3623645451178498 0.9568081949138766 3.0 1
3.5400000000000027 -0.49368629285347393 0.7173103849915166 0.13275601708720589 -0.3432093379620044 0.7998500252649369 0.12970715082868162 0.12720959502636126 0.05 1.23793953218695 0 0.44238194214395354 0.39824643760116973 3.0 1
3.5600000000000027 -0.4931000423110543 0.716350417534728 0.1325939366456625 -0.33347021145599665 0.8039591598160508 0.12970715082868162 0.130341144622393 0.05 1.1117306228957942 0 0.5059739487325529 0.3262667671859797 3.0 1
3.5800000000000027 -0.4939991411562708 0.7170232852118498 0.13394112897544136 -0.32366844000072276 0.8079551061340821 0.12970715082868162 0.12579109098735097 0.05 1.298540722177008 0 0.4807736960614584 0.5203859286255298 3.0 1
3.6000000000000028 -0.49330257491501334 0.7160684122350002 0.13380234236160363 -0.313805882613782 0.8118365479686306 0.12970715082868162 0.1317410363182263 0.05 1.0584393257105789 0 0.5860011117294958 0.7244431176236632 3.0 1
3.6200000000000028 -0.49419207821054684 0.716789585834507 0.135251877844902 -0.3038844292038895 0.8156022108038108 0.12970715082868162 0.11520738758952326 0.05 1.83392141966698 0 0.39819251946994727 1.4659990595587156 3.0 1
3.640000000000003 -0.493183238211961 0.7160085826112693 0.13514145685524392 -0.29390599959535785 0.8192508626681397 0.12970715082868162 0.1348497497800053 0.05 0.9463846463683039 0 0.6970812217669605 1.6850325095745642 3.0 1
3.660000000000003 -0.49496619106795253 0.7160914176811329 0.1367658502271003 -0.283872542528208 0.8227813149186168 0.12970715082868162 0.1260757101213263 0.05 1.2862000183934867 0 0.5962728468490414 0.42829822280217456 3.0 1
3.680000000000003 -0.49410119775037276 0.7151974227139299 0.13676583349603066 -0.27378603463470585 0.8261924229982027 0.12970715082868162 0.13324974996983052 0.05 1.0030120221454037 0 0.7407507764935651 0.6810408961374417 3.0 1
3.700000000000003 -0.49466513546614765 0.7161706371559651 0.13835056379283128 -0.26364847939314406 0.8294830871659291 0.12970715082868162 0.13740497706487076 0.05 0.8602490200810129 0 0.85221792142341 0.38078081101224515 3.0 1
3.720000000000003 -0.4929066476332103 0.715829952100673 0.1383279844217899 -0.25346190605971863 0.8326522531989041 0.12970715082868162 0.13321136954193524 0.05 1.0043971319809835 0 0.8026481111849354 0.10331617733153507 3.0 1
3.740000000000003 -0.4914675804978057 0.7181749134574242 0.13988821965782167 -0.24322836857937724 0.8356989130654964 0.12970715082868162 0.12924411765809263 0.05 1.1548082985623265 0 0.7561686207097017 0.02931735054661025 3.0 1
3.760000000000003 -0.4882054133176459 0.7188468193203801 0.13983049120253147 -0.232949944476535 0.8386221055690202 0.12970715082868162 0.11481114894864314 0.05 1.857361025926295 0 0.5235928305669594 0.4389557440071292 3.0 1
3.780000000000003 -0.48654702742191946 0.7213165436031276 0.1414258698000113 -0.2226287337265861 0.8414209169612641 0.12970715082868162 0.1255141473337767 0.05 1.3106379245068638 0 0.730700539197083 0.5215187578427382 3.0 1
3.800000000000003 -0.4854384873584045 0.7204646361505347 0.1415368242117312 -0.21226685760915304 0.8440944815252456 0.12970715082868162 0.12666287219522404 0.05 1.2610309637678117 0 0.7783892636513453 0.45207766527757337 3.0 1
3.820000000000003 -0.48565693591490844 0.7216376731872418 0.14332395790017766 -0.20186645754404503 0.8466419821265986 0.12970715082868162 0.12367857955589201 0.05 1.3931164458776233 0 0.7475889020721995 0.5728868847448967 3.0 1
3.840000000000003 -0.4840945489005179 0.7210603342073653 0.14351633829293073 -0.19142969391091533 0.8490626507330367 0.12970715082868162 0.1251630100692931 0.05 1.3261041537522775 0 0.8011822513501744 0.34821553070668165 3.0 1
3.860000000000003 -0.48413744083062765 0.7223523398074617 0.1454025556869729 -0.1809587448536245 0.8513557689013673 0.12970715082868162 0.12860520076546894 0.05 1.180451135108917 0 0.9051873127360759 0.3070378975626986 3.0 1
3.880000000000003 -0.4825445187168615 0.7217756776615482 0.14566718084559094 -0.170455805070333 0.8535206682315678 0.12970715082868162 0.11616908048662794 0.05 1.7781996993372506 0 0.6641474301524283 0.6647710528070184 3.0 1
3.900000000000003 -0.48176901485990614 0.7235842723273667 0.14759134448590544 -0.15992308459037485 0.8555567307874665 0.12970715082868162 0.12144208385068966 0.05 1.4993380165462047 0 0.7961138720417841 0.4640665911859545 3.0 1
3.920000000000003 -0.48090879569014805 0.7225401776897572 0.14794474090137574 -0.14936280753896375 0.857463389483607 0.12970715082868162 0.12801757857908974 0.05 1.204406039679434 0 0.9738883142229308 0.6975238885365458 3.0 1
3.940000000000003 -0.4815372117442373 0.7233640418185503 0.14998812064900707 -0.13877721089081232 0.8592401284379148 0.12970715082868162 0.12121564855769917 0.05 1.5104644142564974 0 0.8416338764686179 0.24624858616373513 3.0 1
3.960000000000003 -0.47976086032105614 0.7229274695669171 0.15035015664071252 -0.1281685432137421 0.8608864832898149 0.12970715082868162 0.11591185337205667 0.05 1.792944473717189 0 0.7409100872343798 0.3883167831460518 3.0 1
3.980000000000003 -0.47969441266180535 0.7242115068242702 0.1523866159205695 -0.1175390634033946 0.8624020414834895 0.12970715082868162 0.13069045239391686 0.05 1.0982599871858838 0 1.134200350280206 0.8673942046481549 3.0 1
4.000000000000003 -0.4792034494374399 0.722861757120548 0.1528779866307211 -0.10689103941014237 0.8637864425160057 0.12970715082868162 0.12977183689595317 0.05 1.1339381130971864 0.00029440094066963594 1.1398301209119361 -0.014116553018999167 3.0 1
4.020000000000002 -0.47844239330228755 0.7245501017583382 0.15496041606414496 -0.09622674695932366 0.8650393781500724 0.12970715082868162 0.12409732775855181 0.05 1.3739408364986105 0 1.012692054621078 0.09467768932920126 3.0 1
4.040000000000002 -0.4751711499717609 0.7250488811388854 0.15536407697863008 -0.08554846826592283 0.8661605925912308 0.12970715082868162 0.11026893551987793 0.05 2.1480739263686663 0 0.6866803075941844 1.224641762509301 3.0 1
4.060000000000001 -0.47340456985456875 0.7273851473836915 0.15743693510302675 -0.07485849074483245 0.8671498826293199 0.12970715082868162 0.11622144839687104 0.05 1.7752118996511181 0 0.8459872737565061 0.7496961190036909 3.0 1
4.080000000000001 -0.4726302909517118 0.726120769096031 0.15810859316145764 -0.06415910571782686 0.8680070977440946 0.12970715082868162 0.11033595336725927 0.05 2.1434664747613015 0 0.7209823707238838 0.7607635491433486 3.0 1
4.1000000000000005 -0.4738806379474314 0.7264645478889035 0.16055430887822258 -0.05345260711839529 0.8687321401749126 0.12970715082868162 0.12394461174045807 0.05 1.3809089549011042 0 1.1078852061346671 1.0510846470248816 3.0 1
4.12 -0.4750717317188968 0.723867544370074 0.16149886637760452 -0.04274129019556903 0.8693249649544498 0.12970715082868162 0.11793540695911492 0.05 1.6799661794983538 0 0.9640266080110501 0.29725641360989963 3.0 1
4.14 -0.47619340096497453 0.7242487172807593 0.16408154864914365 -0.03202745021788809 0.8697855799064378 0.12970715082868162 0.11203793949546681 0.05 2.02979212451548 0 0.8274390642622772 0.3144955852140542 3.0 1
4.159999999999999 -0.4758529935114526 0.7227501312782796 0.16497620022837392 -0.02131338117864998 0.8701140456074543 0.12970715082868162 0.10225145811571112 0.05 2.784555474918494 0 0.6020015470822001 0.5194127970406386 3.0 1
4.179999999999999 -0.47795601971439566 0.7224368554266143 0.16763025140120738 -0.01060137450357533 0.8703104753128463 0.12970715082868162 0.1207585125917075 0.05 1.5331437991433785 0 1.1279427133022621 0.7637686800433621 3.0 1
4.199999999999998 -0.48135457335125925 0.7183235763282543 0.16887349764300202 0.00010628223796945065 0.8703750348468892 0.12970715082868162 0.1148065369053306 0.05 1.8576355401492917 0 0.976811121085039 0.7021419596556868 3.0 1
4.219999999999998 -0.4842488201087065 0.7173799117335768 0.17171658900473125 0.01080730661706866 0.8703079424573361 0.12970715082868162 0.12900293384583172 0.05 1.164439443323158 0 1.4814546209813326 0.514502900539163 3.0 1
4.2399999999999975 -0.48542985923549253 0.7147449530154296 0.1729432358466098 0.021499422623541566 0.8701094686345459 0.12970715082868162 0.1190314948401936 0.05 1.6215353669907415 0 1.164236369462754 0.492491399414851 3.0 1
4.259999999999997 -0.4850890301687051 0.7158607345981435 0.17570182628557343 0.032180361937308576 0.8697799358954087 0.12970715082868162 0.14068191151373888 0.05 0.7568893931191938 0 2.0190113927700923 1.3443011573317354 3.0 1
4.279999999999997 -0.48320543916919095 0.7153524687380067 0.17686626550975063 0.042847865191724926 0.8693197185323414 0.12970715082868162 0.12314244059626861 0.05 1.4179882153502255 0 1.3530614974608837 0.8515873963077494 3.0 1
4.299999999999996 -0.4792452780037722 0.7187711482732606 0.17942858920146332 0.05349968322779253 0.8687292423276446 0.12970715082868162 0.13880580274308785 0.05 0.8151313571618903 0 1.9971837569723665 0.7570187558748884 3.0 1
4.319999999999996 -0.4740872636233752 0.7204698014411343 0.18047730047705685 0.06413357833816413 0.8680089842335619 0.12970715082868162 0.11898090823836521 0.05 1.624191191222344 0 1.233479906820183 0.6647525639188391 3.0 1
4.339999999999995 -0.46717206347755347 0.7255860606329149 0.1829422529875303 0.07474732549986911 0.8671594720184137 0.12970715082868162 0.10160560658635104 0.05 2.844434869333006 0 0.6987122851220169 0.6130990439458279 3.0 1
4.359999999999995 -0.4608482512787727 0.7279652759039387 0.18410987548518432 0.08533871359471097 0.8661812838792105 0.12970715082868162 0.10503392006593626 0.05 2.542652962036404 0 0.8002537802043814 0.5368953235167115 3.0 1
4.379999999999995 -0.4589180830012605 0.7296089806366405 0.18726955988654465 0.09590554661628946 0.8650750480211923 0.12970715082868162 0.12056656736356502 0.05 1.5427541588069391 0 1.3292530142115588 1.3006753593320914 3.0 1
4.399999999999994 -0.45904800802421714 0.7277875029818668 0.1893038468697829 0.10644564486263462 0.863841442204769 0.12970715082868162 0.12439521950931454 0.05 1.3604309745829726 0 1.502557748091512 0.3823272625055449 3.0 1
4.419999999999994 -0.45908351290622373 0.7283332362092163 0.19261067145125904 0.11695684611344055 0.8624811932603716 0.12970715082868162 0.109761886883809 0.05 2.1832681837181296 0 0.9934689869014034 0.7418691248622267 3.0 1
4.439999999999993 -0.45621703022278826 0.7283492412604603 0.19433470842021083 0.1274370067909219 0.8609950765717582 0.12970715082868162 0.09628202988585577 0.05 3.40166454705139 0 0.6053136042190598 0.6009395597155887 3.0 1
4.459999999999993 -0.4564298972082946 0.7288032180346753 0.1977718974397083 0.137884003103326 0.8593839155283508 0.12970715082868162 0.10913131084704081 0.05 2.2278785370866023 0 1.0033309673372501 0.5355448809685276 3.0 1
4.479999999999992 -0.4587043165905121 0.7251285088690113 0.20017725775212214 0.14829573217016156 0.8576485809472043 0.12970715082868162 0.09755011943976699 0.05 3.257610347681286 0 0.664117222173795 0.6713579919555351 3.0 1
4.499999999999992 -0.4626170731708922 0.7232121468000563 0.20439232330355128 0.15867011312822457 0.8557899904652508 0.12970715082868162 0.11478346928550376 0.05 1.8590091385541334 0 1.2561244289834799 0.906646444893401 3.0 1
4.519999999999992 -0.4680781433502754 0.7173862956177157 0.2072620929669053 0.1690050882175259 0.8538091079024771 0.12970715082868162 0.12676056933197682 0.05 1.2568804814199743 0 1.797534983525763 0.10856010115562847 3.0 1
4.539999999999991 -0.4727542052189261 0.71482232490372 0.2116779363285511 0.17929862384625742 0.8517069425967337 0.12970715082868162 0.11517151536130321 0.05 1.8360317174463328 0 1.3333734473784957 0.5358276037853854 3.0 1
4.559999999999991 -0.47265054981384913 0.7127323701184431 0.2141029945277857 0.18954871163394182 0.8494845487108934 0.12970715082868162 0.12380769073140913 0.05 1.3871808956842435 0 1.7297334475920552 0.7442564162087116 3.0 1
4.57999999999999 -0.4732707018685818 0.712764694052344 0.21819374481797446 0.1997533694319633 0.8471430245131073 0.12970715082868162 0.12735729522347888 0.05 1.2317572541512796 0 1.9269145663784493 0.619452873423089 3.0 1
4.59999999999999 -0.47021420663237196 0.7126108767366328 0.22042316234013018 0.20991064232067874 0.8446835116309288 0.12970715082868162 0.1253942074923266 0.05 1.3159046074652916 0 1.8516727655543823 0.22504225315973275 3.0 1
4.6199999999999894 -0.4659555349272689 0.7156304872092213 0.22424100409312453 0.22001860358235673 0.842107194280103 0.12970715082868162 0.11764457180911697 0.05 1.69578804793773 0.0003831193489955345 1.509057141893901 -0.012221285771165602 3.0 1
4.639999999999989 -0.4591942353350785 0.7178318884447885 0.22643460983523264 0.23007535564920853 0.8394152984688376 0.12970715082868162 0.11912372590223863 0.05 1.6167031903571556 0 1.5822672454408366 0.12635786698392149 3.0 1
4.659999999999989 -0.45450640823473765 0.7210799198795622 0.23031563749285774 0.24007903102581438 0.8366090911783971 0.12970715082868162 0.10681545253852165 0.05 2.4002113655698967 0 1.0816619744582534 0.32720271648343174 3.0 1
4.679999999999988 -0.44880196259776123 0.7224932670034867 0.23259210897628496 0.250027793185272 0.8336898795208805 0.12970715082868162 0.10850794370312233 0.05 2.272924054014541 0 1.153506381557287 0.04542850407877752 3.0 1
4.699999999999988 -0.4473234980667674 0.7235892986695812 0.23682234694807724 0.2599198374384266 0.8306590098750626 0.12970715082868162 0.11239087533825731 0.05 2.0069961936678116 0 1.3258065519378404 0.2799569890435467 3.0 1
4.719999999999987 -0.44623091435362977 0.7219751072383067 0.23960569095550988 0.269753391775584 0.827517867001194 0.12970715082868162 0.09730383841721246 0.05 3.2849833832730253 0 0.7741365541331433 1.0147417250718802 3.0 1
4.739999999999987 -0.44643681920336126 0.7218849861829407 0.24411852378565196 0.2795267176801204 0.8242678731356791 0.12970715082868162 0.10255337904740303 0.05 2.757068042656222 0 0.9678331604597276 0.18919796188430507 3.0 1
4.7599999999999865 -0.44883593493877205 0.7177686227476161 0.24756500581636892 0.2892381109134597 0.8209104870665562 0.12970715082868162 0.10915753425559083 0.05 2.2260043990317797 0 1.2446995873093132 0.38012479340322886 3.0 1
4.779999999999986 -0.4537820550500825 0.7144611513839427 0.2530024618433733 0.29888590227089695 0.8174472031907316 0.12970715082868162 0.10728011447769403 0.05 2.3645164169033697 0 1.1904367833117613 0.2501859853266957 3.0 1
4.799999999999986 -0.45665225880875143 0.7101060142046739 0.2567129121888012 0.3084684583078093 0.8138795505539139 0.12970715082868162 0.11860883038377884 0.05 1.6438458227835846 0 1.7292336185214723 0.14290703375278307 3.0 1
4.819999999999985 -0.4604816254904925 0.7073205434491125 0.2621060936232982 0.31798418203579726 0.8102090918742287 0.12970715082868162 0.12028652235422344 0.05 1.5568696760962708 0 1.8448449099291648 0.003632450682693522 3.0 1
4.839999999999985 -0.4601491126935548 0.704862237645591 0.2657397963136958 0.32743151358836653 0.8064374225504846 0.12970715082868162 0.11095391937624427 0.05 2.1014589801330015 0 1.4086185994405878 0.5326576585243579 3.0 1
4.859999999999984 -0.4585107929178165 0.7054236991770585 0.27095994288367803 0.3368089308557641 0.8025661696560816 0.12970715082868162 0.12392520298374543 0.05 1.3817965985831604 0 2.0808159072447805 0.672456661881911 3.0 1
4.879999999999984 -0.45627231745153857 0.7042022825177875 0.2747731779197212 0.34611495008864523 0.7985969909195576 0.12970715082868162 0.11853756553236106 0.05 1.647634666596944 0 1.8090963006542273 0.10588626014417729 3.0 1
4.8999999999999835 -0.45230913867348826 0.7059732438749202 0.2800186392363532 0.355348126470259 0.7945315736927729 0.12970715082868162 0.10702686184135313 0.05 2.3838989544171634 0 1.2655385217556634 0.7884025391284293 3.0 1
4.919999999999983 -0.44671149972293794 0.7068662900638192 0.2839038834501819 0.3645070546568925 0.7903716339077427 0.12970715082868162 0.10390379502377595 0.05 2.637892376403734 0 1.1364926621358533 0.7357225326065256 3.0 1
4.939999999999983 -0.4443872944126588 0.7074109978940373 0.28962248207714075 0.3735903692863379 0.786118915023125 0.12970715082868162 0.10764154076057791 0.05 2.3371498523679213 0 1.3091614446986772 0.72892174702024 3.0 1
4.959999999999982 -0.4434918994206373 0.7051120637088726 0.2941826696001047 0.38259674545418676 0.7817751869613807 0.12970715082868162 0.11335988533858465 0.05 1.9457142111928034 0 1.5946202694380338 0.651311992651426 3.0 1
4.979999999999982 -0.4442310811068721 0.7036527658885711 0.3002298914232925 0.39152489915779026 0.7773422450376151 0.12970715082868162 0.11754927114206787 0.05 1.7010021836387623 0 1.8306076313356021 0.031696016408433836 3.0 1
4.999999999999981 -0.44276441016888896 0.7015293991180311 0.30480682643631485 0.40037358770775244 0.7728219088811213 0.12970715082868162 0.113908720864208 0.05 1.9118291935649143 0 1.6552907514612034 0.17070159137864763 3.0 1
5.019999999999981 -0.4404230272048844 0.7017360296670639 0.3109181127613924 0.40914161010687133 0.7682160213506317 0.12970715082868162 0.10765905280518906 0.05 2.3358325854687143 0 1.3601679933659772 0.34199082202966513 3.0 1
5.0399999999999805 -0.43676196689984775 0.7009373979423962 0.31565650145405816 0.41782780739646364 0.763526447444292 0.12970715082868162 0.11110295132690329 0.05 2.091455397342262 0 1.5349699997855824 0.476972062853525 3.0 1
5.05999999999998 -0.4352644343888161 0.7004006823956687 0.3221119119930885 0.42643106297004607 0.758755073205362 0.12970715082868162 0.097719064111976 0.05 3.238996293249971 0 0.946721768961519 0.8910077945013228 3.0 1
5.07999999999998 -0.43277990279892026 0.6986666639207114 0.327212112507221 0.4349503028543889 0.7539038046246435 0.12970715082868162 0.11830076388642952 0.05 1.6602811707303875 0 1.9420394090074329 1.3628502475584028 3.0 1
5.099999999999979 -0.43442830400260696 0.6956600535367651 0.3344174841780427 0.4433844959579752 0.7489745665406335 0.12970715082868162 0.09631207421594867 0.05 3.398160290430406 0 0.908461444896872 1.3668522339028997 3.0 1
5.119999999999979 -0.4322023228124798 0.6934318656090125 0.3400959118222744 0.4517326542869485 0.7439693015383807 0.12970715082868162 0.12314799131534998 0.05 1.417728846746034 0 2.263533112326109 1.1495382773482123 3.0 1
5.139999999999978 -0.4342437779556675 0.6898196369812553 0.34790419646916515 0.45999383312864633 0.7388899688480367 0.12970715082868162 0.11494105522459952 0.05 1.849644868494539 0 1.8113792108159519 0.3658078988258859 3.0 1
5.159999999999978 -0.43169143264183707 0.687419994435938 0.3540740822501107 0.46816713120286846 0.733738543244059 0.12970715082868162 0.11197443007986801 0.05 2.0339217267156586 0 1.6616720647664598 0.26339532759466106 3.0 1
5.1799999999999775 -0.428657938965732 0.6869222976185532 0.3617926736907292 0.47625169078104235 0.7285170139460271 0.12970715082868162 0.11161318043621177 0.05 2.057573367095137 0.0005089264350674338 1.6517054260891681 -0.014034831409104553 3.0 1
5.199999999999977 -0.42453641094189865 0.6854225802550314 0.3681047215167467 0.4842466977734898 0.7232273835220207 0.12970715082868162 0.11452216951373395 0.05 1.874637227546819 0 1.817257415220814 0.14678500142105916 3.0 1
5.219999999999977 -0.42112508443768626 0.6848591569916802 0.37594003992407443 0.4921513817850215 0.7178716667954875 0.12970715082868162 0.10012548927526715 0.05 2.9874824887416045 0 1.106287458047386 0.4039821600568464 3.0 1
5.239999999999976 -0.41602993075349665 0.6836990013669955 0.38242079949533403 0.4999650161391318 0.712451889756519 0.12970715082868162 0.11195831084234897 0.05 2.0349712024286353 0 1.6904012994767437 0.68053797141378 3.0 1
5.259999999999976 -0.4147082730907206 0.6813566864360444 0.39083948483473374 0.5076869178710626 0.7069700884784436 0.12970715082868162 0.12065358437219903 0.05 1.5383909000711746 0 2.205810169569898 0.6591524634316503 3.0 1
5.279999999999975 -0.41132348931264534 0.6785399635387689 0.3979899297673509 0.5153164476900729 0.7014283080406163 0.12970715082868162 0.11715444255739932 0.05 1.7227618974919792 0 2.0049442311194494 0.04578803573017015 3.0 1
5.299999999999975 -0.40587200041028687 0.678284642320388 0.40660824543386703 0.5228530099112468 0.695828601458281 0.12970715082868162 0.10861309355670096 0.05 2.265258576706172 0 1.5352090166980903 0.16451251497570568 3.0 1
5.3199999999999745 -0.39851770748134013 0.6776589815486594 0.4139744678313339 0.530296052357215 0.6901730286203536 0.12970715082868162 0.109688537952225 0.05 2.1884088399032535 0 1.5917326423612506 0.8541841972069029 3.0 1
5.339999999999974 -0.39311652396467783 0.676857289071738 0.42303591661860485 0.5376450662301839 0.6844636552359653 0.12970715082868162 0.1110608367893719 0.05 2.0942773329879163 0 1.6685520537740677 0.46017537852481066 3.0 1
5.359999999999974 -0.38758830253581217 0.6747395787559635 0.4309173347406212 0.5448995859546956 0.6787025517905756 0.12970715082868162 0.11256821880577672 0.05 1.9956387567312102 0 1.754331899447583 0.18640206772939538 3.0 1
5.379999999999973 -0.3825224569896269 0.6731597337435686 0.44028658312401314 0.5520591889915625 0.6728917925124484 0.12970715082868162 0.10007521146310183 0.05 2.992490150225601 0 1.1296670692924258 0.28638370979682654 3.0 1
5.399999999999973 -0.37617846047239883 0.6708392325548279 0.448683535278266 0.5591234956234487 0.6670334543502693 0.12970715082868162 0.11335213073759398 0.05 1.9461971853086664 0 1.8034818573298275 0.6336959274985234 3.0 1
5.419999999999972 -0.3729318829884228 0.667169957534861 0.45905843545481034 0.5660921687125796 0.6611296159626536 0.12970715082868162 0.10661065116594243 0.05 2.4161300894981173 0 1.4486366660992045 0.10608867314273218 3.0 1
5.439999999999972 -0.36758885072061753 0.6636503768779752 0.4683441041152329 0.5729649134311033 0.6551823567202688 0.12970715082868162 0.10453158302932813 0.05 2.5844992225064365 0.0038515197103452543 1.3470151670358426 -0.09307534613754442 3.0 1
5.4599999999999715 -0.36321838606724094 0.6601608133722999 0.47903136786959655 0.5797414769646266 0.6491937557212876 0.12970715082868162 0.10908023788136628 0.05 2.2315334021166695 0 1.5833268741435538 0.0699119477623441 3.0 1
5.479999999999971 -0.35887654193260893 0.6552467683831873 0.48890226040598084 0.5864216481894815 0.643165890820844 0.12970715082868162 0.11128553715125356 0.05 2.079265869580233 0.00452563410333566 1.7068194415883862 -0.12393497389665831 3.0 1
5.499999999999971 -0.35424523248845513 0.6510629726982833 0.5001581451301056 0.5930052573242898 0.6371008376751598 0.12970715082868162 0.11270034710567944 0.05 1.9872187561997534 0.002896829073726145 1.7893831985137665 -0.08181574226826294 3.0 1
5.51999999999997 -0.34795109105099514 0.6466372445830731 0.5104308603958353 0.5994921755564185 0.6310006688009686 0.12970715082868162 0.11685299936463622 0.05 1.7395479989824443 0.0007753892240457424 2.031555744544751 -0.02422019925528074 3.0 1
5.53999999999997 -0.34100117225530174 0.6430321112821176 0.5219271493738753 0.6058823146439206 0.6248674526508503 0.12970715082868162 0.12115346186201531 0.05 1.5135324896041418 0.19566146529414272 2.295590332636281 -6.902451989981764 6.0 1
5.559999999999969 -0.33188919060718763 0.6395792439559304 0.5323699152540537 0.6121756264935874 0.6187032527050599 0.12970715082868162 0.1064540248523907 0.05 2.42838222170466 0 1.4483718514419033 0.03593632080560494 6.0 1
5.579999999999969 -0.32507954145024576 0.6366880847014411 0.5432527289294512 0.618372102715745 0.6125101265804063 0.12970715082868162 0.1038563749570443 0.05 2.64197600004455 0 1.3180793254295318 0.01180557049819353 6.0 1
5.599999999999969 -0.322787509601727 0.6313664941593088 0.5520668483319764 0.6244717741564408 0.6062901251567144 0.12970715082868162 0.10597416836575163 0.05 2.4663459466950304 0.0015475692509886408 1.428807348659467 -0.038297359062360536 6.0 1
5.619999999999968 -0.3248495294118884 0.6244763630614031 0.5612123096750966 0.6304747104076768 0.600045291721378 0.12970715082868162 0.1004803461657588 0.05 2.952422457229046 0 1.173255326801313 0.3410833141228632 6.0 1
5.639999999999968 -0.3281743023072163 0.6162277322823759 0.5690421552275539 0.6363810192963686 0.5937776611324752 0.12970715082868162 0.09782880898780616 0.05 3.2269752329341284 0 1.0638093027391418 0.6865078584583907 6.0 1
5.659999999999967 -0.3348526158177987 0.6066154241035274 0.577710727404613 0.6421908463527006 0.5874892590009111 0.12970715082868162 0.14270807318572326 0.05 0.6966367804794285 0 3.9562686044463886 1.3884230371519832 6.0 1
5.679999999999967 -0.343475709008623 0.5945880550649106 0.5854385675066931 0.6479043742585794 0.5811821008919977 0.12970715082868162 0.14655547269064023 0.05 0.5891851909936761 0 4.335409707404053 0.3235819732986023 6.0 1
5.699999999999966 -0.34743563973776886 0.5850597848959356 0.5946685195928736 0.6535218222768728 0.5748581915468831 0.12970715082868162 0.15256239616707507 0.05 0.4375405542665729 0.000751381843787576 4.900543475810701 -0.16734503623877384 6.0 1
5.719999999999966 -0.3457901614977125 0.5772663594643896 0.6034189558042334 0.6590434456621523 0.5685195241241897 0.12970715082868162 0.1559043321302775 0.05 0.3606210904806444 0 5.219632155773401 0.02189238557309392 6.0 1
5.739999999999966 -0.3392779520277288 0.5718062931134378 0.6141512717637515 0.6644695350536417 0.5621680794622144 0.12970715082868162 0.15905735727203968 0.05 0.29237170470199425 0 5.501407021089732 0.4613560221956218 6.0 1
5.759999999999965 -0.3270450874333528 0.5679123477286852 0.6247552182589147 0.6698004158510988 0.5558058253619989 0.12970715082868162 0.15827795797348226 0.05 0.30887250442260905 0.0004070599744185483 5.392882570770659 -0.19723996469258176 6.0 1
5.779999999999965 -0.30977172422710475 0.5660204497367531 0.6372826317066218 0.6750364475743446 0.5494347158915666 0.12970715082868162 0.13895003590944172 0.05 0.8105666000463461 0 3.6844899548634804 0.51551633363629 6.0 1
5.799999999999964 -0.2867307740735169 0.5653746233867507 0.6494259463655944 0.6801780232071749 0.5430566907115842 0.12970715082868162 0.12646959197705415 0.05 1.269273361299172 0.003738336763709806 2.6993604310223516 -0.15761534578044767 6.0 1
5.819999999999964 -0.2656419408161575 0.5643220661578306 0.6626137592440602 0.6852255685263756 0.5366736744226821 0.12970715082868162 0.12676213427741406 0.05 1.2568140835755552 0.0020476951234745942 2.6747322192678515 -0.08727256377862314 6.0 1
5.839999999999963 -0.2488528112570644 0.5610939013649456 0.673747834556865 0.6901795414165744 0.5302875759346475 0.12970715082868162 0.11062949063064625 0.05 2.123405910219425 0 1.6598045687498604 0.0008497437995516055 6.0 1
5.859999999999963 -0.23496492728178653 0.5570254816569538 0.684994673626967 0.6950404311716647 0.5239002878576647 0.12970715082868162 0.11006754481648057 0.05 2.161981328915714 0.0068316703866756305 1.6138876230685693 -0.18242637416553853 6.0 1
5.879999999999963 -0.2261432189607859 0.550129746469929 0.6949770223301788 0.6998087577835221 0.5175136859157651 0.12970715082868162 0.10434239288308794 0.05 2.600459912353312 0.005743747795992059 1.3171038697344697 -0.13838679368657725 6.0 1
5.899999999999962 -0.2211079220257445 0.5414760265889909 0.7058701522806007 0.7044850712187559 0.511129628382607 0.12970715082868162 0.09654020629006826 0.05 3.37169943858522 0 0.9670015760797905 0.23446861111106998 6.0 1
5.919999999999962 -0.2190404429189224 0.5302657023985367 0.7162028562694837 0.709069950684213 0.5047499555396964 0.12970715082868162 0.12389400901806674 0.05 1.3832242061582578 0 2.42363470442729 0.9187323185532303 6.0 1
5.939999999999961 -0.22068754388869766 0.515734105200822 0.728567004190033 0.7135640038819624 0.49837648915712346 0.12970715082868162 0.1324104939392418 0.05 1.033594243280664 0.0036193452345939974 3.017762750069228 -0.1945361314971753 6.0 1
5.959999999999961 -0.21715646027160102 0.5035053119551252 0.7398584059660919 0.7179678662544879 0.4920110319968601 0.12970715082868162 0.1474965724535517 0.05 0.5641927065600427 0.0011502166778834643 4.16631699139605 -0.15703805272096882 6.0 1
5.9799999999999605 -0.20941549309037322 0.49342096030078064 0.7512129364990722 0.7222822002207938 0.48565536733865766 0.12970715082868162 0.13378168008703356 0.05 0.9839458905609981 0 3.1072833028258957 0.7335329812668689 6.0 1
5.99999999999996 -0.19624974682087348 0.48535831925337275 0.761516991360002 0.7265076944041473 0.47931125852853446 0.12970715082868162 0.15456139808352315 0.05 0.3909397213711814 0 4.684400445201407 1.0913083021151313 6.0 1
6.01999999999996 -0.18340685619105454 0.4774074165581557 0.7723203909415935 0.7306450628521546 0.4729804485498406 0.12970715082868162 0.1433009154722183 0.05 0.6795021113639677 0 3.7479081562159204 0.6187943396439801 6.0 1
6.039999999999959 -0.1660847427082045 0.47070565414097904 0.781556461674551 0.7346950442498782 0.46666465961684633 0.12970715082868162 0.14994601738983854 0.05 0.5013502941780787 0.0011324571559087574 4.20554914625155 -0.19262083675639208 6.0 1
6.059999999999959 -0.14990833197677852 0.46393192372182634 0.7916295170136862 0.7386584011266764 0.4603655927907944 0.12970715082868162 0.14318469516379145 0.05 0.6828439966517363 0.004028095227007651 3.6354699959814925 -0.39587069699321553 6.0 1
6.079999999999958 -0.13219660150762116 0.4574947189339592 0.7996404193696116 0.7425359190574616 0.45408492761831293 0.12970715082868162 0.14128405658754 0.05 0.7387038804553328 0.0038802718183789655 3.4414956407939195 -0.3361739119750041 6.0 1
6.099999999999958 -0.116853474377917 0.45088452486215425 0.8085431504096715 0.7463284058590416 0.4478243217920833 0.12970715082868162 0.13541469734441897 0.05 0.9268967493020699 0 2.989670341456895 0.30458356347496607 6.0 1
6.1199999999999575 -0.10215660357036402 0.4440994870438577 0.8152273685209271 0.7500366907822156 0.4415854108336241 0.12970715082868162 0.15094582368904824 0.05 0.47657595791278773 0 4.054887154557388 0.15509158436531945 6.0 1
6.139999999999957 -0.09028624429983725 0.43689542080819704 0.8230810317563233 0.7536616237002801 0.4353698077980316 0.12970715082868162 0.154570551866884 0.05 0.3907304258874378 0.002115175973443647 4.287597023609567 -0.5976470289591223 6.0 1
6.159999999999957 -0.07586450499158756 0.4307042154169279 0.8283594395734146 0.7572040742945864 0.42917910300050277 0.12970715082868162 0.16903226081922212 0.05 0.10027095410447195 0 5.3451046393104455 0.4575576266949788 6.0 1
6.179999999999956 -0.0613167666063702 0.42555604829978144 0.8344142452113291 0.7606649312377923 0.42301486376443354 0.12970715082868162 0.15960900381520976 0.05 0.2808345236078962 0.00021544452244129936 4.55264512754024 -0.1324533510008875 6.0 1
6.199999999999956 -0.04340435921342907 0.4220810427283933 0.8375978971800798 0.7640451013754189 0.4168786341908917 0.12970715082868162 0.1668001618630262 0.05 0.1404079926976456 0 5.012240069776389 0.01727958915869532 6.0 1
6.219999999999955 -0.027129110078565628 0.41960444898297455 0.8414517414297008 0.7673455089063372 0.4107719349492024 0.12970715082868162 0.16034240208437617 0.05 0.2656748020478208 0.0006971065431576241 4.454946989233145 -0.4953966396887215 6.0 1
6.239999999999955 -0.00868635452048476 0.41833171542844716 0.8423012521657528 0.7705670945627702 0.4046962630884162 0.12970715082868162 0.16685656206865712 0.05 0.13937493602726958 4.8598713388523023e-05 4.8426316732202705 -0.32324069906068376 6.0 1
6.2599999999999545 0.007967337440647686 0.41811690081912845 0.8439095087754417 0.7737108147904052 0.3986530918693656 0.12970715082868162 0.1614111517881292 0.05 0.24394053905326718 0 4.370539381350656 0.15960374108168818 6.0 1
6.279999999999954 0.02690933063542763 0.4188999015331978 0.8424206394008873 0.776777640929185 0.392643870617036 0.12970715082868162 0.16574457677949345 0.05 0.1599284126830267 0 4.5831694516461186 0.014819407570295429 6.0 1
6.299999999999954 0.044464271551554455 0.42075855170263227 0.8417267615042477 0.7797685583953352 0.38667002459293165 0.12970715082868162 0.15286267023151817 0.05 0.43042494849990254 0.0014080245912268107 3.6273130085157352 -0.32433144600664787 6.0 1
6.319999999999953 0.06424588937611803 0.42319052164848825 0.8379845447353629 0.7826845658651755 0.3807329548871216 0.12970715082868162 0.15625981021615504 0.05 0.35272394606622104 0.0007119085235061346 3.763868861812118 -0.2523802539351575 6.0 1
6.339999999999953 0.0814986487886786 0.42603657726434885 0.8356253872364844 0.7855266744612462 0.3748340383296223 0.12970715082868162 0.1523344984845632 0.05 0.44296892741123495 0 3.4412290721908545 0.07953546372082942 6.0 1
6.359999999999952 0.10030246031277525 0.428531621739746 0.8305069416634888 0.7882959069412591 0.368974627420769 0.12970715082868162 0.1473639998554182 0.05 0.5676841581204592 0 3.0644159706114964 0.0723816517001743 6.0 1
6.379999999999952 0.11774425744967908 0.4314334439303959 0.8270427343171907 0.7909932968903818 0.3631560502802091 0.12970715082868162 0.15654098837411506 0.05 0.3465147434350193 0.00040873846740628676 3.5462381129384086 -0.15090279794976313 6.0 1
6.3999999999999515 0.13557889679473295 0.43323109444168306 0.8211068906899314 0.7936198879173403 0.357379610614128 0.12970715082868162 0.15528013285407688 0.05 0.37461706423292185 0.002066001909321777 3.391803232157933 -0.6399914852923712 6.0 1
6.419999999999951 0.15378187893552464 0.4357039038339663 0.816773880352145 0.7961767328548041 0.3516465877003321 0.12970715082868162 0.15919438327043428 0.05 0.2894950501331377 0.0002525959051893212 3.540717241665767 -0.14373333263783217 6.0 1
6.439999999999951 0.17344803913476642 0.43755019702997977 0.8095608597021193 0.7986648929645185 0.3459582363907699 0.12970715082868162 0.1485585083551822 0.05 0.5365643633633081 0 2.8518349395123592 0.6256105506988214 6.0 1
6.45999999999995 0.19360865510525185 0.439974476025313 0.8034309843636532 0.8010854371476177 0.3403157871310821 0.12970715082868162 0.1446999835647758 0.05 0.6399159808617845 0.004519151536181978 2.5706172254489257 -0.4948834999674361 6.0 1
6.47999999999995 0.21365364149033916 0.4410880289088435 0.7949132318537279 0.8034394411605469 0.33472044599675366 0.12970715082868162 0.16779358352620305 0.05 0.1223566896951378 0 3.7262821204106675 0.0003668877093905287 6.0 1
6.499999999999949 0.23228559072124183 0.44207857966641195 0.7887514915854029 0.805727986837001 0.32917339474543067 0.12970715082868162 0.16782589517790364 0.05 0.12177467120049101 3.892790271300305e-05 3.625812304510482 -0.5409831732490742 6.0 1
6.519999999999949 0.2540580650193223 0.4424904678319175 0.7794645740279954 0.8079521613162707 0.32367579088496 0.12970715082868162 0.19045475577095466 0.05 0 -0.0 4.7594583776412955 -0.2573673239294292 6.0 1
6.5399999999999485 0.27691636651901463 0.4433778514761446 0.7701885491887361 0.8101130562783784 0.3182287677566918 0.12970715082868162 0.18867480630416195 0.05 0 0 4.557305756294567 0.0561378465854403 6.0 1
6.559999999999948 0.3042201923366098 0.44297596115671356 0.7573754063358225 0.8122117671863601 0.31283343463358815 0.12970715082868162 0.19325005365046305 0.05 0 0 4.636904515800938 0.05159254427850812 6.0 1
6.579999999999948 0.33344771919329036 0.4422237384318874 0.743421038524084 0.8142493925360436 0.30749087683266596 0.12970715082868162 0.21127007853433616 0.05 0 -0.0 5.278952561947622 -0.7895895600106492 6.0 1
6.599999999999947 0.3645581632193817 0.43998429605495853 0.7266324635187815 0.8162270331136483 0.30220215584129906 0.12970715082868162 0.2302206329438246 0.05 0 -0.0 5.75829158503503 -0.9125423483107811 6.0 1
6.619999999999947 0.39840276371329103 0.43603526931802594 0.7081409235742112 0.8181457912615275 0.29696830945689534 0.12970715082868162 0.24658370166429117 0.05 0 -0.0 5.926726142298089 -0.910152385922911 6.0 1
6.639999999999946 0.43501631051837536 0.42933719661809033 0.686331597525054 0.8200067701523446 0.2917903519394662 0.12970715082868162 0.25984851594923425 0.05 0 -0.0 5.840551739739278 -0.8640973483662842 6.0 1
6.659999999999946 0.47341308468791105 0.4202229623845666 0.6623593139088465 0.8218110730719722 0.28666927417658666 0.12970715082868162 0.28880223676284894 0.05 0 -0.0 5.802021084480128 -1.5574749318853955 5.0 1
6.6799999999999455 0.5120925498276416 0.4084877817667063 0.6356017545174892 0.8235598027113813 0.28160604386026306 0.12970715082868162 0.33506012872028407 0.05 0 -0.0 5.567006968617388 -0.366982803359136 5.0 1
6.699999999999945 0.5501712250380697 0.39466772628838365 0.6073173611638706 0.8252540604677705 0.27660160567519293 0.12970715082868162 0.35493935225079215 0.05 0 -0.0 5.119641237551149 -0.9874758745482828 5.0 1
6.719999999999945 0.586215751615017 0.3787840082106984 0.5772664598260389 0.8268949457551781 0.27165688149792655 0.12970715082868162 0.3827838358757087 0.05 0 -0.0 5.119641237551149 -0.9874758745482828 5.0 0
6.739999999999944 0.6191885291109338 0.3619389874902263 0.5473284004780836 0.8284835553247963 0.26677277060641436 0.12970715082868162 0.4205720824346744 0.05 0 -0.0 5.119641237551149 -0.9874758745482828 5.0 0
6.759999999999944 0.6497097454731118 0.3482913555562671 0.5277684090395605 0.8300209825951985 0.26195014989943943 0.12970715082868162 0.4399749431203093 0.05 0 -0.0 5.119641237551149 -0.9874758745482828 5.0 0
6.779999999999943 0.6761325865548348 0.33471509295832597 0.5079943402627359 0.8315083169926716 0.2571898741254251 0.12970715082868162 0.477265521846653 0.05 0 -0.0 5.119641237551149 -0.9874758745482828 5.0 0
6.799999999999943 0.699704597749092 0.3222699794516583 0.4899981632469794 0.8329466433018401 0.2524927761200995 0.12970715082868162 0.49981671790171306 0.05 0 -0.0 5.119641237551149 -0.9874758745482828 5.0 0
6.8199999999999426 0.7204149773915316 0.3105430398560806 0.4721266254181732 0.8343370410267374 0.24785966705251938 0.12970715082868162 0.5101210208514857 0.05 0 -0.0 5.119641237551149 -0.9874758745482828 5.0 0
6.839999999999942 0.7387870523160377 0.29969529412736856 0.4546046197056209 0.8356805837624895 0.2432913366789333 0.12970715082868162 0.5472171606259668 0.05 0 -0.0 5.119641237551149 -0.9874758745482828 4.0 0
6.859999999999942 0.755034477669528 0.28960763137470996 0.4371017750619934 0.8369783385777412 0.23878855360398074 0.12970715082868162 0.5509822673277016 0.05 0 -0.0 5.119641237551149 -0.9874758745482828 4.0 0
6.879999999999941 0.7694544352290242 0.2802547237356415 0.41965408759272227 0.838231365407958 0.23435206554871238 0.12970715082868162 0.577813263893663 0.05 0 -0.0 5.119641237551149 -0.9874758745482828 4.0 0
6.899999999999941 0.7822371564340832 0.2715512170199591 0.40221602898458775 0.8394407164597122 0.22998259962493361 0.12970715082868162 0.5889115640561495 0.05 0 -0.0 5.119641237551149 -0.9874758745482828 4.0 0
6.91999999999994 0.793552679866838 0.2634231979700125 0.3848170913008891 0.8406074356260625 0.22568086261535886 0.12970715082868162 0.5953958191231741 0.05 0 -0.0 5.119641237551149 -0.9874758745482828 4.0 0
6.93999999999994 0.8035219937540006 0.2557891679427641 0.3674924461767315 0.841732557913109 0.22144754125908006 0.12970715082868162 0.6159742334339662 0.05 0 -0.0 5.119641237551149 -0.9874758745482828 4.0 0
6.95999999999994 0.8122447066893161 0.24857691799002737 0.3503112866125946 0.8428171088778076 0.21728330254184586 0.12970715082868162 0.6181785459803615 0.05 0 -0.0 5.119641237551149 -0.9874758745482828 4.0 0
6.979999999999939 0.8198062579458564 0.24172455961940864 0.33336717861808984 0.8438621040771079 0.21318879399066398 0.12970715082868162 0.6193103966721989 0.05 0 -0.0 5.119641237551149 -0.9874758745482828 4.0 0
6.999999999999939 0.8262951845955078 0.23518557587728814 0.3167812855547803 0.8448685485284737 0.20916464397222406 0.12970715082868162 0.6409257177574874 0.05 0 -0.0 5.119641237551149 -0.9874758745482828 4.0 0
7.019999999999938 0.8318088724075301 0.22892727057460044 0.3006910630217402 0.8458374361818294 0.205211461994664 0.12970715082868162 0.6408140801450968 0.05 0 -0.0 5.119641237551149 -0.9874758745482828 4.0 0
7.039999999999938 0.8364538777760951 0.222927587524232 0.2852363854060361 0.8467697494029669 0.201329839012189 0.12970715082868162 0.6422439339941652 0.05 0 -0.0 5.119641237551149 -0.9874758745482828 4.0 0
7.059999999999937 0.8403391636366678 0.217170377404931 0.27054244242916425 0.8476664584684468 0.19752034773207164 0.12970715082868162 0.6522745104314094 0.05 0 -0.0 5.119641237551149 -0.9874758745482828 4.0 0
7.079999999999937 0.8435706229445874 0.2116426280494954 0.25670905222630996 0.8485285210719975 0.19378354292355696 0.12970715082868162 0.6660707167779538 0.05 0 -0.0 5.119641237551149 -0.9874758745482828 4.0 0
7.099999999999937 0.8462467257174238 0.2063328672116945 0.2438051243954462 0.8493568818424344 0.19011996172820536 0.12970715082868162 0.6583586382787159 0.05 0 -0.0 5.119641237551149 -0.9874758745482828 4.0 0
7.119999999999936 0.8484570928907399 0.20123084392403504 0.23186902237333556 0.8501524718730874 0.186530123971215 0.12970715082868162 0.676530110183285 0.05 0 -0.0 5.119641237551149 -0.9874758745482828 4.0 0
7.139999999999936 0.8502812670676204 0.19632719337946655 0.22091096648980113 0.8509162082627344 0.1830145324732664 0.12970715082868162 0.6912833943112182 0.05 0 -0.0 5.119641237551149 -0.9874758745482828 4.0 0
7.159999999999935 0.8517890179412008 0.19161346869313356 0.21091787415379076 0.8516489936680225 0.17957367336244415 0.12970715082868162 0.6770971168494617 0.05 0 -0.0 5.119641237551149 -0.9874758745482828 4.0 0
7.179999999999935 0.8530400126888124 0.18708183389329258 0.2018578242728772 0.8523517158673536 0.17620801638579192 0.12970715082868162 0.7027167434267922 0.05 0 -0.0 5.119641237551149 -0.9874758745482828 4.0 0
7.1999999999999345 0.8540848958067287 0.18272510774713238 0.19368545859018388 0.8530252473362034 0.17291801522006475 0.12970715082868162 0.6883651708939278 0.05 0 -0.0 5.119641237551149 -0.9874758745482828 4.0 0
7.219999999999934 0.854965400153822 0.17853647033601613 0.1863458750881279 0.8536704448338385 0.1697041077812607 0.12970715082868162 0.7017096279661739 0.05 0 -0.0 5.119641237551149 -0.9874758745482828 4.0 0
7.239999999999934 0.8557159736009079 0.17450959486734052 0.17977901426448106 0.8542881490013887 0.16656671653250094 0.12970715082868162 0.7003439207494924 0.05 0 -0.0 5.119641237551149 -0.9874758745482828 4.0 0
7.259999999999933 0.8563639921363239 0.17063838935405692 0.1739220751173769 0.8548791839712248 0.16350624878985592 0.12970715082868162 0.7051734405001713 0.05 0 -0.0 5.119641237551149 -0.9874758745482828 4.0 0
7.279999999999933 0.8569316241102168 0.1669172088258683 0.16871256281411257 0.85544435698759 0.16052309702571263 0.12970715082868162 0.7117024374933738 0.05 0 -0.0 5.119641237551149 -0.9874758745482828 4.0 0
7.299999999999932 0.8574358351300824 0.16334060109428192 0.16408926186399825 0.8559844580384268 0.15761763916928312 0.12970715082868162 0.6997395627291632 0.05 0 -0.0 5.119641237551149 -0.9874758745482828 4.0 0
7.319999999999932 0.8578902652159288 0.15990356516600857 0.15999421378235373 0.8565002594983367 0.15479023890387636 0.12970715082868162 0.6867231114844563 0.05 0 -0.0 5.119641237551149 -0.9874758745482828 4.0 0
7.3399999999999315 0.8583048855218499 0.15660127856420125 0.15637263363866655 0.8569925157826068 0.15204124596054766 0.12970715082868162 0.7143489706852908 0.05 0 -0.0 5.119641237551149 -0.9874758745482828 4.0 0
7.359999999999931 0.8586877978629452 0.15342937802722664 0.15317421095369116 0.8574619630122318 0.14937099640776164 0.12970715082868162 0.7099548226121568 0.05 0 -0.0 5.119641237551149 -0.9874758745482828 4.0 0
7.379999999999931 0.8590445440097507 0.15038366439790196 0.15035236993627424 0.8579093186898613 0.14677981293670947 0.12970715082868162 0.7177332021505878 0.05 0 -0.0 5.119641237551149 -0.9874758745482828 4.0 0
7.39999999999993 0.8593798151282676 0.14746039244217146 0.14786520885928606 0.8583352813865961 0.14426800514192503 0.12970715082868162 0.7300518537045768 0.05 0 -0.0 5.119641237551149 -0.9874758745482828 4.0 0
7.41999999999993 0.8596964821016372 0.14465595979704957 0.14567440529490722 0.8587405304395528 0.14183586979686405 0.12970715082868162 0.7129847330578751 0.05 0 -0.0 5.119641237551149 -0.9874758745482828 4.0 0
7.439999999999929 0.8599972279799011 0.14196719814380687 0.14374599363006635 0.8591257256601217 0.1394836911241114 0.12970715082868162 0.7210084752814492 0.05 0 -0.0 5.119641237551149 -0.9874758745482828 4.0 0
7.459999999999929 0.8602833846138913 0.13939105584758565 0.14204911194699482 0.8594915070528331 0.13721174105989298 0.12970715082868162 0.7281721185799819 0.05 0 -0.0 5.119641237551149 -0.9874758745482828 4.0 0
7.4799999999999285 0.8605565012993808 0.13692488503222933 0.14055672510637635 0.8598384945447496 0.13502027951258316 0.12970715082868162 0.7210651748280632 0.05 0 -0.0 5.119641237551149 -0.9874758745482828 4.0 0
7.499999999999928 0.8608170653980004 0.1345661268927068 0.13924433116129342 0.8601672877253029 0.1329095546149079 0.12970715082868162 0.7370719839486168 0.05 0 -0.0 5.119641237551149 -0.9874758745482828 4.0 0
7.519999999999928 0.8610660133771376 0.13231259046923985 0.13809067820809987 0.8604784655964921 0.13087980296953394 0.12970715082868162 0.7244974053078954 0.05 0 -0.0 5.119641237551149 -0.9874758745482828 4.0 0
7.539999999999927 0.8613033973102959 0.13016214758322844 0.13707649642547906 0.8607725863333533 0.12893124988778856 0.12970715082868162 0.7373290074464478 0.05 0 -0.0 5.119641237551149 -0.9874758745482828 4.0 0
7.559999999999927 0.8615298383705078 0.12811300013189147 0.13618522369829128 0.8610501870546261 0.1270641096212104 0.12970715082868162 0.732477509961529 0.05 0 -0.0 5.119641237551149 -0.9874758745482828 4.0 0
7.579999999999926 0.8617451848647556 0.12616338938920757 0.1354017976314536 0.8613117836035259 0.1252785855856867 0.12970715082868162 0.7243761348620712 0.05 0 -0.0 5.119641237551149 -0.9874758745482828 4.0 0
7.599999999999926 0.8619499049106104 0.12431184961690249 0.13471338862158472 0.8615578703385446 0.12357487057791733 0.12970715082868162 0.7371250915825878 0.05 0 -0.0 5.119641237551149 -0.9874758745482828 4.0 0
7.6199999999999255 0.8621437678541417 0.12255693456511692 0.134108267593759 0.8617889199341942 0.12195314698396456 0.12970715082868162 0.7442121400545882 0.05 0 -0.0 5.119641237551149 -0.9874758745482828 4.0 0
7.639999999999925 0.8623271719636435 0.12089745608431081 0.13357653860388813 0.8620053831916192 0.12041358697965666 0.12970715082868162 0.7541804983506932 0.05 0 -0.0 5.119641237551149 -0.9874758745482828 4.0 0
7.659999999999925 0.8624998703346723 0.11933222918674757 0.13310908752969305 0.8622076888589938 0.11895635272262728 0.12970715082868162 0.7382723098965454 0.05 0 -0.0 5.119641237551149 -0.9874758745482828 4.0 0
7.679999999999924 0.8626622300350112 0.11786029508937151 0.13269830479961023 0.8623962434616324 0.11758159653577624 0.12970715082868162 0.7477463625173786 0.05 0 -0.0 5.119641237551149 -0.9874758745482828 4.0 0
7.699999999999924 0.8628140156444124 0.1164806851381152 0.1323371145503658 0.8625714311417382 0.11628946108195369 0.12970715082868162 0.7482881241594788 0.05 0 -0.0 5.119641237551149 -0.9874758745482828 4.0 0
7.719999999999923 0.8629555775727366 0.11519262828904095 0.13201967896834912 0.8627336135077157 0.1150800795296777 0.12970715082868162 0.7452538847460353 0.05 0 -0.0 5.119641237551149 -0.9874758745482828 4.0 0
7.739999999999923 0.8630867006819861 0.11399533348205337 0.1317405044855658 0.862883129492986 0.11395357570970799 0.12970715082868162 0.7351066305961753 0.05 0 -0.0 5.119641237551149 -0.9874758745482828 4.0 0
7.7599999999999225 0.8632077209470044 0.11288818198255393 0.1314951210001288 0.8630202952242315 0.11291006426230439 0.12970715082868162 0.7417548344556337 0.05 0 -0.0 5.119641237551149 -0.9874758745482828 4.0 0
7.779999999999922 0.8633184426254307 0.11187052733961914 0.13127926031774928 0.8631454038990124 0.11194965077501659 0.12970715082868162 0.7583683988247807 0.05 0 -0.0 5.119641237551149 -0.9874758745482828 4.0 0
7.799999999999922 0.8634191837529969 0.11094187328643572 0.13108950544159176 0.8632587256726955 0.11107243191085475 0.12970715082868162 0.7330502939895756 0.05 0 -0.0 5.119641237551149 -0.9874758745482828 4.0 0
7.819999999999921 0.8635097626088986 0.11010169015904278 0.13092253597558626 0.8633605075546382 0.11027849552671146 0.12970715082868162 0.7479403134997791 0.05 0 -0.0 5.119641237551149 -0.9874758745482828 4.0 0
7.839999999999921 0.8635904736150828 0.10934957921993184 0.13077574440582723 0.8634509733135801 0.10956792078189974 0.12970715082868162 0.7497693896655133 0.05 0 -0.0 5.119641237551149 -0.9874758745482828 4.0 0
7.85999999999992 0.8636611420358812 0.10868510428940217 0.1306465431603941 0.8635303233921894 0.10894077823670231 0.12970715082868162 0.7441490238751658 0.05 0 -0.0 5.119641237551149 -0.9874758745482828 4.0 0
7.87999999999992 0.8637220326439596 0.10810794362875016 0.13053294622817047 0.8635987348307251 0.10839712994082623 0.12970715082868162 0.7447013367124662 0.05 0 -0.0 5.119641237551149 -0.9874758745482828 4.0 0
7.8999999999999195 0.8637729703853513 0.10761773590904165 0.13043293277947518 0.8636563611997746 0.10793702951166394 0.12970715082868162 0.7512070511768743 0.05 0 -0.0 5.119641237551149 -0.9874758745482828 4.0 0
7.919999999999919 0.8638141848055809 0.10721421944802147 0.13034499355384738 0.8637033325420294 0.10756052220229298 0.12970715082868162 0.7580561433203945 0.05 0 -0.0 5.119641237551149 -0.9874758745482828 4.0 0
7.939999999999919 0.863845493907144 0.10689709047137648 0.1302675463507199 0.863739755323072 0.10726764495912536 0.12970715082868162 0.7492029603567829 0.05 0 -0.0 5.119641237551149 -0.9874758745482828 4.0 0
7.959999999999918 0.8638670874689799 0.10666613247773017 0.13019944743651923 0.8637657123911462 0.10705842646916328 0.12970715082868162 0.7496913211804483 0.05 0 -0.0 5.119641237551149 -0.9874758745482828 4.0 0
7.979999999999918 0.8638787706193952 0.10652108599746897 0.1301394544448557 0.8637812629458882 0.10693288719680173 0.12970715082868162 0.735456001349768 0.05 0 -0.0 5.119641237551149 -0.9874758745482828 4.0 0
7.999999999999917 0.8638806896208802 0.10646176819045511 0.13008670368325387 0.8637864425160057 0.10689103941014376 0.12970715082868162 0.7477850999368969 0.05 0 -0.0 5.119641237551149 -0.9874758745482828 4.0 0
