0.0 1.0 1.0 1.0 1.0 1.0 1.0 1.0
0.005 -0.0 0.0 -0.0 0.0 0.0 -0.0 0.0
0.01 -5.8260248664122865e-06 5.130016396349314e-06 -2.4175740042449332e-06 0.0008766422212190156 -5.309307151975376e-05 -0.00032562102856954273 6.213641995346789e-06
0.015 -0.0 1.238987596734176e-06 -0.0 0.00015304501920415949 0.0 -0.0 1.682607383253942e-07
0.02 -1.0515174859356508e-06 1.3793828056261685e-06 2.7493679338350704e-08 0.00018038536750863564 -7.026285917809891e-06 -6.159866398547446e-05 2.4763096702972885e-08
0.025 -0.0 1.3634906922952067e-06 1.0316526234453164e-07 0.00016268934469072503 0.0 -0.0 -1.888200083227077e-09
0.030000000000000002 -1.1269639374231528e-06 1.4112937918344464e-06 1.6193250621937926e-07 0.00016426436017833438 -6.037924073427245e-06 -6.203156959207765e-05 0.0
0.035 -0.0 1.4517249668729083e-06 2.0773265340124907e-07 0.00016434895670996579 0.0 -0.0 2.790875105189229e-07
0.04 -1.2239747661553217e-06 1.4906427431188441e-06 2.3358746446495904e-07 0.0001647964216468742 -5.250146394485827e-06 -6.274246691685268e-05 5.832347184265746e-07
0.045 -0.0 1.5261468242653758e-06 2.3353815865459476e-07 0.00016495459686802528 0.0 -0.0 1.000097874776492e-06
0.049999999999999996 -1.3168711356460903e-06 1.5582132794225097e-06 2.0138957778912234e-07 0.00016498870987592445 -4.5774094551081785e-06 -6.331590211016012e-05 1.5221160756947176e-06
0.05499999999999999 -0.0 1.5867510622994182e-06 1.3098710561884668e-07 0.00016475959154932935 0.0 -0.0 2.1559726938200504e-06
0.05999999999999999 -1.4037921038733183e-06 1.6115935603492303e-06 1.6205595248823273e-08 0.00016439581593933749 -4.004997348811571e-06 -6.375685688134026e-05 2.8922297575103165e-06
0.06499999999999999 -0.0 1.6326905541301833e-06 -1.4903844540614556e-07 0.00016376509885436186 0.0 -0.0 3.7377587161593063e-06
0.06999999999999999 -1.483307923280031e-06 1.6498921076969664e-06 -0.0 0.00016300127174211651 -3.5184052770636e-06 -6.407489260391728e-05 4.682843596640145e-06
0.075 -0.0 1.6631459114614136e-06 -6.549817435935175e-07 0.00016196901799780115 0.0 -0.0 5.7328913584029895e-06
0.08 -1.5538771118915193e-06 1.6723259266875115e-06 -0.0 0.00016080518594076263 -3.1028953644123417e-06 -6.42801560101957e-05 6.879684053442151e-06
0.085 -0.0 1.6773812348387199e-06 -1.4343211658163055e-06 -4.09220388982622e-05 0.0 -0.0 4.887587953146223e-05
0.09000000000000001 -1.6051773344282978e-06 1.6620853259522774e-06 -0.0 0.0 -2.7397214925210814e-06 -6.43264336247408e-05 9.438063077661045e-06
0.09500000000000001 -0.0 1.6571855065565707e-06 -2.539837694412475e-06 -4.3264178328293995e-06 0.0 -0.0 1.0860405079494746e-05
0.10000000000000002 -1.6510138764079712e-06 1.648057042794911e-06 -0.0 0.0 -2.4155200611869434e-06 -6.43281730408068e-05 1.2323892835726752e-05
0.10500000000000002 -0.0 1.6347667952959556e-06 -4.00991548743913e-06 -5.102320096861533e-06 0.0 -0.0 1.3880087133981517e-05
0.11000000000000003 -1.6835923219635204e-06 1.6173451070807597e-06 -0.0 0.0 -2.114693120588086e-06 -6.427119337692612e-05 1.5517004461747097e-05
0.11500000000000003 -0.0 1.5958620844040105e-06 -5.88966390491456e-06 -5.907905438199592e-06 0.0 -0.0 1.7215178794355786e-05
0.12000000000000004 -1.7024266482931192e-06 1.5702516600243228e-06 -0.0 0.0 -1.826315344159208e-06 -6.416666321373937e-05 1.8991576814175273e-05
0.12500000000000003 -0.0 1.5406264083038366e-06 -8.220904584902324e-06 -6.716763464108955e-06 0.0 -0.0 2.0815948069055228e-05
0.13000000000000003 -1.707147430071552e-06 1.506942148636833e-06 -0.0 0.0 -1.5404970726634278e-06 -6.402371445317793e-05 2.271661440341559e-05
0.13500000000000004 -0.0 1.4693627114632417e-06 -1.1043422503128613e-05 -7.501441083628236e-06 0.0 -0.0 2.4650797006108896e-05
0.14000000000000004 -1.697900659314427e-06 1.4278682070536927e-06 -0.0 0.0 -1.248518594794902e-06 -6.385058682926687e-05 2.6659976752892452e-05
0.14500000000000005 -0.0 1.3826812390519216e-06 -1.4395319265528958e-05 -8.232653559421654e-06 0.0 -0.0 2.868714253683293e-05
0.15000000000000005 -1.6754087065447291e-06 1.3338092520903159e-06 -0.0 0.0 -9.429203043093821e-07 -6.365454485188718e-05 3.078866397036257e-05
0.15500000000000005 -0.0 1.2815385781716196e-06 -1.831324711410707e-05 -8.879529138550487e-06 0.0 -0.0 3.289167416457344e-05
0.16000000000000006 -1.6409984281308815e-06 1.2259077961412488e-06 -0.0 0.0 -6.175712362514726e-07 -6.344180754501556e-05 3.5069075444165535e-05
0.16500000000000006 -0.0 1.1672684690560637e-06 -2.2832773997143972e-05 -9.409849857579497e-06 0.0 -0.0 3.7230602330388766e-05
0.17000000000000007 -1.5965905717369982e-06 1.1056947480301538e-06 -0.0 0.0 -2.677163229426817e-07 -6.321749315594012e-05 3.9467266245307593e-05
0.17500000000000007 -0.0 1.0416007664144174e-06 -2.7988871369889957e-05 -9.790283448631226e-06 0.0 -0.0 4.166989499188138e-05
0.18000000000000008 -1.5446467745647885e-06 9.751010374874506e-07 -0.0 0.0 1.0999699821727336e-07 -6.298557868690323e-05 4.3949142124316624e-05
0.18500000000000008 -0.0 9.066650387157745e-07 -3.3816496175023705e-05 -9.98660241835881e-06 3.1168635397009176e-07 -0.0 4.6175463365837085e-05
0.19000000000000009 -1.488073421520318e-06 8.364523129281019e-07 -0.0 0.0 5.175117811879218e-07 -6.274887385514156e-05 4.8480649225829614e-05
0.1950000000000001 -0.0 7.649759294992644e-07 -4.035121172872758e-05 -9.963888495272985e-06 7.336735697402749e-07 -0.0 5.071331597315925e-05
0.2000000000000001 -1.430085119735738e-06 6.92444322079115e-07 -0.0 0.0 9.553727102392992e-07 -6.250900740765693e-05 5.3027896977237256e-05
0.2050000000000001 -0.0 6.193984599224689e-07 -4.762975887544392e-05 -9.686719414621434e-06 1.1857426780737725e-06 -0.0 5.5249661456201944e-05
0.2100000000000001 -1.3740340532328107e-06 5.460979014218706e-07 -0.0 0.0 1.4227536553485232e-06 -6.22664318393448e-05 5.755722976356923e-05
0.2150000000000001 -0.0 4.7309306185103994e-07 -5.569044846102062e-05 -9.119347759853126e-06 1.6664010564425627e-06 -0.0 5.975094671719759e-05
0.2200000000000001 -1.3232145938343052e-06 4.0069420793641005e-07 -0.0 0.0 1.917499272374914e-06 -6.20204312273612e-05 6.203523884787634e-05
0.22500000000000012 -0.0 3.294418570979071e-07 -6.457320120736527e-05 -8.225874455065872e-06 2.172854834833164e-06 -0.0 6.418383899310908e-05
0.23000000000000012 -1.2806544275633428e-06 2.596927451801004e-07 -0.0 0.0 2.436178331253413e-06 -6.17691417547905e-05 6.642871230134444e-05
0.23500000000000013 -0.0 1.919597176150103e-07 -7.431901099453747e-05 -6.970429043853849e-06 2.7010672609307178e-06 -0.0 6.851514783299021e-05
0.24000000000000013 -1.24890371876789e-06 1.266366341609955e-07 -0.0 0.0 2.9741462334150456e-06 -6.150958075767124e-05 7.070453095381964e-05
0.24500000000000013 -0.0 6.41953838386028e-08 -8.496855460315416e-05 -5.317370434354016e-06 3.2458249893092338e-06 -0.0 7.271169995953155e-05
0.2500000000000001 -1.2298316151192503e-06 5.051126591416794e-09 -0.0 0.0 3.5256141236957358e-06 -6.123768250010119e-05 7.482952261197668e-05
0.2550000000000001 -0.0 -5.037083334022201e-08 -9.655961415835878e-05 -3.231522916400357e-06 3.8008097123786108e-06 -0.0 7.674018208465371e-05
0.2600000000000001 -1.2244344921569625e-06 0.0 -0.0 0.0 4.083722147775391e-06 -6.094833880536796e-05 7.877029615242524e-05
0.2650000000000001 -0.0 -1.4842583524193147e-07 -0.00010912291557233251 -6.784607668226442e-07 4.358672764284328e-06 -0.0 8.05669790722675e-05
0.27000000000000013 -1.2326520399429457e-06 0.0 -0.0 0.0 4.640614658472529e-06 -6.0635443621238294e-05 8.249308745362408e-05
0.27500000000000013 -0.0 -2.2691279372580284e-07 -0.0001226759093842941 2.3751504530082254e-06 4.91111062926102e-06 -0.0 8.415804085556384e-05
0.28000000000000014 -1.2531752183040169e-06 0.0 -0.0 4.134168389685865e-06 5.187515578419246e-06 -6.0291940762510146e-05 8.596364964584182e-05
0.28500000000000014 -0.0 -2.831064123362488e-07 -0.00013721391486818153 5.961155636606651e-06 5.448939684790908e-06 -0.0 8.747881619257267e-05
0.29000000000000015 -1.2832789740093028e-06 0.0 -0.0 8.007559424264623e-06 5.714846642279479e-06 -5.991148643552828e-05 8.914798901940133e-05
0.29500000000000015 -0.0 -3.1466696583525093e-07 -0.00015269785486530211 1.0111179894002867e-05 5.962133955084105e-06 -0.0 9.049388977162272e-05
0.30000000000000016 -1.3183282504626085e-06 0.0 -0.0 1.245899589789695e-05 6.212127204696032e-06 -5.948455361910676e-05 9.20099505822255e-05
0.30500000000000016 -0.0 -3.1970542340128955e-07 -0.00016903768625403884 1.4853230597453382e-05 6.439883653448115e-06 -0.0 9.31677488292104e-05
0.31000000000000016 -1.3514173348916547e-06 0.0 -0.0 1.751709785216942e-05 6.668175426488115e-06 -5.900212440739568e-05 9.451417495716072e-05
0.31500000000000017 -0.0 -2.9683909983575673e-07 -0.0001860699816306889 2.021300403269602e-05 6.870660508763828e-06 -0.0 9.54648220352104e-05
0.3200000000000002 -1.3724721776077057e-06 0.0 -0.0 2.320638873172379e-05 7.071106188615783e-06 -5.845430843011868e-05 9.662528863131833e-05
0.3250000000000002 -0.0 -2.452940014560579e-07 -0.00020352766819975752 2.6213354313047673e-05 7.2422603968187e-06 -0.0 9.735004027048947e-05
0.3300000000000002 -1.3668991989494696e-06 0.0 -0.0 2.954849607018852e-05 7.408380280203836e-06 -5.78305936218809e-05 9.830864398222258e-05
