0.0 0.0 -0.5 0.8 -2.2 -1.6 0.0
 0.02 -4.844705827400375e-05 -0.5 0.8 -2.2 -1.6 0.0
 0.04 -0.00019378524465341052 -0.5 0.8 -2.2 -1.6 0.0
 0.06 -0.0004360055939940377 -0.5 0.8 -2.2 -1.6 0.0
 0.08 -0.0007750931650039039 -0.5 0.8 -2.2 -1.6 0.0
 0.1 -0.0012110270411644919 -0.5 0.8 -2.2 -1.6 0.0
 0.12000000000000001 -0.0017437803320206058 -0.5 0.8 -2.2 -1.6 0.0
 0.14 -0.0023733201748401545 -0.5 0.8 -2.2 -1.6 0.0
 0.16 -0.0030996077366398644 -0.5 0.8 -2.2 -1.6 0.0
 0.18 -0.0039225982165820295 -0.5 0.8 -2.2 -1.6 0.0
 0.19999999999999998 -0.004842240848737189 -0.5 0.8 -2.2 -1.6 0.0
 0.21999999999999997 -0.005858478905215847 -0.5 0.8 -2.2 -1.6 0.0
 0.23999999999999996 -0.00697124969966767 -0.5 0.8 -2.2 -1.6 0.0
 0.25999999999999995 -0.008180484591148618 -0.5 0.8 -2.2 -1.6 0.0
 0.27999999999999997 -0.009486108988354447 -0.5 0.8 -2.2 -1.6 0.0
 0.3 -0.010888042354222582 -0.5 0.8 -2.2 -1.6 0.0
 0.32 -0.012386198210898813 -0.5 0.8 -2.2 -1.6 0.0
 0.34 -0.013980484145073246 -0.5 0.8 -2.2 -1.6 0.0
 0.36000000000000004 -0.01567080181367997 -0.5 0.8 -2.2 -1.6 0.0
 0.38000000000000006 -0.01745704694996264 -0.5 0.8 -2.2 -1.6 0.0
 0.4000000000000001 -0.019339109369907348 -0.5 0.8 -2.2 -1.6 0.0
 0.4200000000000001 -0.02131687297903917 -0.5 0.8 -2.2 -1.6 0.0
 0.4400000000000001 -0.023390215779582002 -0.5 0.8 -2.2 -1.6 0.0
 0.46000000000000013 -0.025559009877985872 -0.5 0.8 -2.2 -1.6 0.0
 0.48000000000000015 -0.02782312149281463 -0.5 0.8 -2.2 -1.6 0.0
 0.5000000000000001 -0.030182410962999562 -0.5 0.8 -2.2 -1.6 0.0
 0.5200000000000001 -0.03263673275645229 -0.5 0.8 -2.2 -1.6 0.0
 0.5400000000000001 -0.035185935479043806 -0.5 0.8 -2.2 -1.6 0.0
 0.5600000000000002 -0.03782986188394255 -0.5 0.8 -2.2 -1.6 0.0
 0.5800000000000002 -0.040568348881313776 -0.5 0.8 -2.2 -1.6 0.0
 0.6000000000000002 -0.04340122754838016 -0.5 0.8 -2.2 -1.6 0.0
 0.6200000000000002 -0.046328323139841254 -0.5 0.8 -2.2 -1.6 0.0
 0.6400000000000002 -0.049349455098653516 -0.5 0.8 -2.2 -1.6 0.0
 0.6600000000000003 -0.0524644370671663 -0.5 0.8 -2.2 -1.6 0.0
 0.6800000000000003 -0.055673076898619334 -0.5 0.8 -2.2 -1.6 0.0
 0.7000000000000003 -0.05897517666899388 -0.5 0.8 -2.2 -1.6 0.0
 0.7200000000000003 -0.062370532689221436 -0.5 0.8 -2.2 -1.6 0.0
 0.7400000000000003 -0.06585893551774946 -0.5 0.8 -2.2 -1.6 0.0
 0.7600000000000003 -0.06944016997345948 -0.5 0.8 -2.2 -1.6 0.0
 0.7800000000000004 -0.07311401514894111 -0.5 0.8 -2.2 -1.6 0.0
 0.8000000000000004 -0.07688024442411878 -0.5 0.8 -2.2 -1.6 0.0
 0.8200000000000004 -0.08073862548023003 -0.5 0.8 -2.2 -1.6 0.0
 0.8400000000000004 -0.08468892031415676 -0.5 0.8 -2.2 -1.6 0.0
 0.8600000000000004 -0.08873088525310635 -0.5 0.8 -2.2 -1.6 0.0
 0.8800000000000004 -0.09286427096964145 -0.5 0.8 -2.2 -1.6 0.0
 0.9000000000000005 -0.09708882249706163 -0.5 0.8 -2.2 -1.6 0.0
 0.9200000000000005 -0.10140427924512907 -0.5 0.8 -2.2 -1.6 0.0
 0.9400000000000005 -0.10581037501614388 -0.5 0.8 -2.2 -1.6 0.0
 0.9600000000000005 -0.11030683802136432 -0.5 0.8 -2.2 -1.6 0.0
 0.9800000000000005 -0.11489339089777229 -0.5 0.8 -2.2 -1.6 0.0
 1.0000000000000004 -0.11956975072518117 -0.5 0.8 -2.2 -1.6 0.0
 1.0200000000000005 -0.12433562904368967 -0.5 0.8 -2.2 -1.6 0.0
 1.0400000000000005 -0.129190731871474 -0.5 0.8 -2.2 -1.6 0.0
 1.0600000000000005 -0.13413475972292144 -0.5 0.8 -2.2 -1.6 0.0
 1.0800000000000005 -0.13916740762710633 -0.5 0.8 -2.2 -1.6 0.0
 1.1000000000000005 -0.1442883651465996 -0.5 0.8 -2.2 -1.6 0.0
 1.1200000000000006 -0.14949731639662 -0.5 0.8 -2.2 -1.6 0.0
 1.1400000000000006 -0.15479394006451797 -0.5 0.8 -2.2 -1.6 0.0
 1.1600000000000006 -0.1601779094295961 -0.5 0.8 -2.2 -1.6 0.0
 1.1800000000000006 -0.16564889238326308 -0.5 0.8 -2.2 -1.6 0.0
 1.2000000000000006 -0.17120655144952024 -0.5 0.8 -2.2 -1.6 0.0
 1.2200000000000006 -0.17685054380577725 -0.5 0.8 -2.2 -1.6 0.0
 1.2400000000000007 -0.1825805213039997 -0.5 0.8 -2.2 -1.6 0.0
 1.2600000000000007 -0.1883961304921853 -0.5 0.8 -2.2 -1.6 0.0
 1.2800000000000007 -0.19429701263616517 -0.5 0.8 -2.2 -1.6 0.0
 1.3000000000000007 -0.20028280374173302 -0.5 0.8 -2.2 -1.6 0.0
 1.3200000000000007 -0.20635313457709792 -0.5 0.8 -2.2 -1.6 0.0
 1.3400000000000007 -0.21250763069565992 -0.5 0.8 -2.2 -1.6 0.0
 1.3600000000000008 -0.21874591245910846 -0.5 0.8 -2.2 -1.6 0.0
 1.3800000000000008 -0.22506759506083918 -0.5 0.8 -2.2 -1.6 0.0
 1.4000000000000008 -0.23147228854969182 -0.5 0.8 -2.2 -1.6 0.0
 1.4200000000000008 -0.237959597854003 -0.5 0.8 -2.2 -1.6 0.0
 1.4400000000000008 -0.2445291228059765 -0.5 0.8 -2.2 -1.6 0.0
 1.4600000000000009 -0.2511804581663686 -0.5 0.8 -2.2 -1.6 0.0
 1.4800000000000009 -0.2579131936494832 -0.5 0.8 -2.2 -1.6 0.0
 1.5000000000000009 -0.264726913948482 -0.5 0.8 -2.2 -1.6 0.0
 1.520000000000001 -0.27162119876100155 -0.5 0.8 -2.2 -1.6 0.0
 1.540000000000001 -0.27859562281507944 -0.5 0.8 -2.2 -1.6 0.0
 1.560000000000001 -0.28564975589538766 -0.5 0.8 -2.2 -1.6 0.0
 1.580000000000001 -0.29278316286976946 -0.5 0.8 -2.2 -1.6 0.0
 1.600000000000001 -0.2999954037160819 -0.5 0.8 -2.2 -1.6 0.0
 1.620000000000001 -0.3072860335493368 -0.5 0.8 -2.2 -1.6 0.0
 1.640000000000001 -0.3146546026491437 -0.5 0.8 -2.2 -1.6 0.0
 1.660000000000001 -0.322100656487452 -0.5 0.8 -2.2 -1.6 0.0
 1.680000000000001 -0.3296237357565863 -0.5 0.8 -2.2 -1.6 0.0
 1.700000000000001 -0.33722337639758115 -0.5 0.8 -2.2 -1.6 0.0
 1.720000000000001 -0.34489910962880366 -0.5 0.8 -2.2 -1.6 0.0
 1.740000000000001 -0.3526504619748725 -0.5 0.8 -2.2 -1.6 0.0
 1.7600000000000011 -0.3604769552958629 -0.5 0.8 -2.2 -1.6 0.0
 1.7800000000000011 -0.3683781068168004 -0.5 0.8 -2.2 -1.6 0.0
 1.8000000000000012 -0.37635342915744174 -0.5 0.8 -2.2 -1.6 0.0
 1.8200000000000012 -0.3844024303623381 -0.5 0.8 -2.2 -1.6 0.0
 1.8400000000000012 -0.3925246139311802 -0.5 0.8 -2.2 -1.6 0.0
 1.8600000000000012 -0.40071947884942727 -0.5 0.8 -2.2 -1.6 0.0
 1.8800000000000012 -0.40898651961920973 -0.5 0.8 -2.2 -1.6 0.0
 1.9000000000000012 -0.4173252262905114 -0.5 0.8 -2.2 -1.6 0.0
 1.9200000000000013 -0.4257350844926262 -0.5 0.8 -2.2 -1.6 0.0
 1.9400000000000013 -0.4342155754658865 -0.5 0.8 -2.2 -1.6 0.0
 1.9600000000000013 -0.44276617609366187 -0.5 0.8 -2.2 -1.6 0.0
 1.9800000000000013 -0.451386358934629 -0.5 0.8 -2.2 -1.6 0.0
 2.0000000000000013 -0.4600755922553057 -0.5 0.8 -2.2 -1.6 0.0
 2.0200000000000014 -0.4688333400628504 -0.5 0.8 -2.2 -1.6 0.0
 2.0400000000000014 -0.4776590621381258 -0.5 0.8 -2.2 -1.6 0.0
 2.0600000000000014 -0.4865522140690217 -0.5 0.8 -2.2 -1.6 0.0
 2.0800000000000014 -0.4955122472840361 -0.5 0.8 -2.2 -1.6 0.0
 2.1000000000000014 -0.504538609086115 -0.5 0.8 -2.2 -1.6 0.0
 2.1200000000000014 -0.5136307426867444 -0.5 0.8 -2.2 -1.6 0.0
 2.1400000000000015 -0.5227880872402964 -0.5 0.8 -2.2 -1.6 0.0
 2.1600000000000015 -0.5320100778786234 -0.5 0.8 -2.2 -1.6 0.0
 2.1800000000000015 -0.541296145745904 -0.5 0.8 -2.2 -1.6 0.0
 2.2000000000000015 -0.5506457180337303 -0.5 0.8 -2.2 -1.6 0.0
 2.2200000000000015 -0.5600582180164435 -0.5 0.8 -2.2 -1.6 0.0
 2.2400000000000015 -0.5695330650867076 -0.5 0.8 -2.2 -1.6 0.0
 2.2600000000000016 -0.5790696747913251 -0.5 0.8 -2.2 -1.6 0.0
 2.2800000000000016 -0.5886674588672877 -0.5 0.8 -2.2 -1.6 0.0
 2.3000000000000016 -0.5983258252780642 -0.5 0.8 -2.2 -1.6 0.0
 2.3200000000000016 -0.6080441782501192 -0.5 0.8 -2.2 -1.6 0.0
 2.3400000000000016 -0.6178219183096642 -0.5 0.8 -2.2 -1.6 0.0
 2.3600000000000017 -0.6276584423196345 -0.5 0.8 -2.2 -1.6 0.0
 2.3800000000000017 -0.6375531435168955 -0.5 0.8 -2.2 -1.6 0.0
 2.4000000000000017 -0.6475054115496691 -0.5 0.8 -2.2 -1.6 0.0
 2.4200000000000017 -0.6575146325151833 -0.5 0.8 -2.2 -1.6 0.0
 2.4400000000000017 -0.6675801889975418 -0.5 0.8 -2.2 -1.6 0.0
 2.4600000000000017 -0.6777014601058072 -0.5 0.8 -2.2 -1.6 0.0
 2.4800000000000018 -0.6878778215123028 -0.5 0.8 -2.2 -1.6 0.0
 2.5000000000000018 -0.6981086454911214 -0.5 0.8 -2.2 -1.6 0.0
 2.520000000000002 -0.7083933009568492 -0.5 0.8 -2.2 -1.6 0.0
 2.540000000000002 -0.7187311535034913 -0.5 0.8 -2.2 -1.6 0.0
 2.560000000000002 -0.7291215654436075 -0.5 0.8 -2.2 -1.6 0.0
 2.580000000000002 -0.7395638958476459 -0.5 0.8 -2.2 -1.6 0.0
 2.600000000000002 -0.7500575005834793 -0.5 0.8 -2.2 -1.6 0.0
 2.620000000000002 -0.760601732356139 -0.5 0.8 -2.2 -1.6 0.0
 2.640000000000002 -0.7711959407477406 -0.5 0.8 -2.2 -1.6 0.0
 2.660000000000002 -0.7818394722576076 -0.5 0.8 -2.2 -1.6 0.0
 2.680000000000002 -0.7925316703425812 -0.5 0.8 -2.2 -1.6 0.0
 2.700000000000002 -0.8032718754575185 -0.5 0.8 -2.2 -1.6 0.0
 2.720000000000002 -0.8140594250959776 -0.5 0.8 -2.2 -1.6 0.0
 2.740000000000002 -0.8248936538310823 -0.5 0.8 -2.2 -1.6 0.0
 2.760000000000002 -0.8357738933565707 -0.5 0.8 -2.2 -1.6 0.0
 2.780000000000002 -0.8466994725280184 -0.5 0.8 -2.2 -1.6 0.0
 2.800000000000002 -0.8576697174042383 -0.5 0.8 -2.2 -1.6 0.0
 2.820000000000002 -0.8686839512888512 -0.5 0.8 -2.2 -1.6 0.0
 2.840000000000002 -0.87974149477203 -0.5 0.8 -2.2 -1.6 0.0
 2.860000000000002 -0.890841665772407 -0.5 0.8 -2.2 -1.6 0.0
 2.880000000000002 -0.9019837795791484 -0.5 0.8 -2.2 -1.6 0.0
 2.900000000000002 -0.9131671488941903 -0.5 0.8 -2.2 -1.6 0.0
 2.920000000000002 -0.924391083874635 -0.5 0.8 -2.2 -1.6 0.0
 2.940000000000002 -0.9356548921753036 -0.5 0.8 -2.2 -1.6 0.0
 2.960000000000002 -0.9469578789914429 -0.5 0.8 -2.2 -1.6 0.0
 2.980000000000002 -0.9582993471015844 -0.5 0.8 -2.2 -1.6 0.0
 3.000000000000002 -0.9696785969105515 -0.5 0.8 -2.2 -1.6 0.0
 3.0200000000000022 -0.9810949264926152 -0.5 0.8 -2.2 -1.6 0.0
 3.0400000000000023 -0.9925476316347912 -0.5 0.8 -2.2 -1.6 0.0
 3.0600000000000023 -1.0040360058802795 -0.5 0.8 -2.2 -1.6 0.0
 3.0800000000000023 -1.015559340572041 -0.5 0.8 -2.2 -1.6 0.0
 3.1000000000000023 -1.0271169248965122 -0.5 0.8 -2.2 -1.6 0.0
 3.1200000000000023 -1.0387080459274514 -0.5 0.8 -2.2 -1.6 0.0
 3.1400000000000023 -1.0503319886699143 -0.5 0.8 -2.2 -1.6 0.0
 3.1600000000000024 -1.0619880361043585 -0.5 0.8 -2.2 -1.6 0.0
 3.1800000000000024 -1.0736754692308734 -0.5 0.8 -2.2 -1.6 0.0
 3.2000000000000024 -1.085393567113531 -0.5 0.8 -2.2 -1.6 0.0
 3.2200000000000024 -1.0971416069248572 -0.5 0.8 -2.2 -1.6 0.0
 3.2400000000000024 -1.1089188639904184 -0.5 0.8 -2.2 -1.6 0.0
 3.2600000000000025 -1.1207246118335217 -0.5 0.8 -2.2 -1.6 0.0
 3.2800000000000025 -1.1325581222200312 -0.5 0.8 -2.2 -1.6 0.0
 3.3000000000000025 -1.1444186652032848 -0.5 0.8 -2.2 -1.6 0.0
 3.3200000000000025 -1.1563055091691241 -0.5 0.8 -2.2 -1.6 0.0
 3.3400000000000025 -1.1682179208810202 -0.5 0.8 -2.2 -1.6 0.0
 3.3600000000000025 -1.1801551655253069 -0.5 0.8 -2.2 -1.6 0.0
 3.3800000000000026 -1.1921165067565045 -0.5 0.8 -2.2 -1.6 0.0
 3.4000000000000026 -1.204101206742744 -0.5 0.8 -2.2 -1.6 0.0
 3.4200000000000026 -1.2161085262112759 -0.5 0.8 -2.2 -1.6 0.0
 3.4400000000000026 -1.2281377244940765 -0.5 0.8 -2.2 -1.6 0.0
 3.4600000000000026 -1.2401880595735333 -0.5 0.8 -2.2 -1.6 0.0
 3.4800000000000026 -1.2522587881282163 -0.5 0.8 -2.2 -1.6 0.0
 3.5000000000000027 -1.2643491655787304 -0.5 0.8 -2.2 -1.6 0.0
 3.5200000000000027 -1.2764584461336428 -0.5 0.8 -2.2 -1.6 0.0
 3.5400000000000027 -1.28858588283549 -0.5 0.8 -2.2 -1.6 0.0
 3.5600000000000027 -1.30073072760685 -0.5 0.8 -2.2 -1.6 0.0
 3.5800000000000027 -1.312892231296491 -0.5 0.8 -2.2 -1.6 0.0
 3.6000000000000028 -1.325069643725579 -0.5 0.8 -2.2 -1.6 0.0
 3.6200000000000028 -1.3372622137339545 -0.5 0.8 -2.2 -1.6 0.0
 3.640000000000003 -1.3494691892264674 -0.5 0.8 -2.2 -1.6 0.0
 3.660000000000003 -1.3616898172193699 -0.5 0.8 -2.2 -1.6 0.0
 3.680000000000003 -1.3739233438867624 -0.5 0.8 -2.2 -1.6 0.0
 3.700000000000003 -1.386169014607095 -0.5 0.8 -2.2 -1.6 0.0
 3.720000000000003 -1.3984260740097159 -0.5 0.8 -2.2 -1.6 0.0
 3.740000000000003 -1.4106937660214647 -0.5 0.8 -2.2 -1.6 0.0
 3.760000000000003 -1.4229713339133128 -0.5 0.8 -2.2 -1.6 0.0
 3.780000000000003 -1.4352580203470395 -0.5 0.8 -2.2 -1.6 0.0
 3.800000000000003 -1.4475530674219501 -0.5 0.8 -2.2 -1.6 0.0
 3.820000000000003 -1.4598557167216266 -0.5 0.8 -2.2 -1.6 0.0
 3.840000000000003 -1.4721652093607098 -0.5 0.8 -2.2 -1.6 0.0
 3.860000000000003 -1.48448078603171 -0.5 0.8 -2.2 -1.6 0.0
 3.880000000000003 -1.4968016870518468 -0.5 0.8 -2.2 -1.6 0.0
 3.900000000000003 -1.5091271524099088 -0.5 0.8 -2.2 -1.6 0.0
 3.920000000000003 -1.5214564218131352 -0.5 0.8 -2.2 -1.6 0.0
 3.940000000000003 -1.533788734734112 -0.5 0.8 -2.2 -1.6 0.0
 3.960000000000003 -1.5461233304576885 -0.5 0.8 -2.2 -1.6 0.0
 3.980000000000003 -1.5584594481278993 -0.5 0.8 -2.2 -1.6 0.0
 4.000000000000003 -1.5707963267948981 -0.5 0.8 -2.2 -1.6 0.0
 4.020000000000002 -1.5831332054618967 -0.5 0.8 -2.2 -1.6 0.0
 4.040000000000002 -1.5954693231321075 -0.5 0.8 -2.2 -1.6 0.0
 4.060000000000001 -1.6078039188556836 -0.5 0.8 -2.2 -1.6 0.0
 4.080000000000001 -1.6201362317766603 -0.5 0.8 -2.2 -1.6 0.0
 4.1000000000000005 -1.632465501179886 -0.5 0.8 -2.2 -1.6 0.0
 4.12 -1.6447909665379479 -0.5 0.8 -2.2 -1.6 0.0
 4.14 -1.6571118675580847 -0.5 0.8 -2.2 -1.6 0.0
 4.159999999999999 -1.6694274442290846 -0.5 0.8 -2.2 -1.6 0.0
 4.179999999999999 -1.6817369368681674 -0.5 0.8 -2.2 -1.6 0.0
 4.199999999999998 -1.6940395861678434 -0.5 0.8 -2.2 -1.6 0.0
 4.219999999999998 -1.7063346332427543 -0.5 0.8 -2.2 -1.6 0.0
 4.2399999999999975 -1.7186213196764806 -0.5 0.8 -2.2 -1.6 0.0
 4.259999999999997 -1.7308988875683282 -0.5 0.8 -2.2 -1.6 0.0
 4.279999999999997 -1.7431665795800768 -0.5 0.8 -2.2 -1.6 0.0
 4.299999999999996 -1.7554236389826972 -0.5 0.8 -2.2 -1.6 0.0
 4.319999999999996 -1.7676693097030298 -0.5 0.8 -2.2 -1.6 0.0
 4.339999999999995 -1.779902836370422 -0.5 0.8 -2.2 -1.6 0.0
 4.359999999999995 -1.7921234643633241 -0.5 0.8 -2.2 -1.6 0.0
 4.379999999999995 -1.8043304398558369 -0.5 0.8 -2.2 -1.6 0.0
 4.399999999999994 -1.8165230098642122 -0.5 0.8 -2.2 -1.6 0.0
 4.419999999999994 -1.8287004222932999 -0.5 0.8 -2.2 -1.6 0.0
 4.439999999999993 -1.8408619259829404 -0.5 0.8 -2.2 -1.6 0.0
 4.459999999999993 -1.8530067707543003 -0.5 0.8 -2.2 -1.6 0.0
 4.479999999999992 -1.865134207456147 -0.5 0.8 -2.2 -1.6 0.0
 4.499999999999992 -1.8772434880110596 -0.5 0.8 -2.2 -1.6 0.0
 4.519999999999992 -1.8893338654615728 -0.5 0.8 -2.2 -1.6 0.0
 4.539999999999991 -1.9014045940162558 -0.5 0.8 -2.2 -1.6 0.0
 4.559999999999991 -1.9134549290957124 -0.5 0.8 -2.2 -1.6 0.0
 4.57999999999999 -1.925484127378513 -0.5 0.8 -2.2 -1.6 0.0
 4.59999999999999 -1.9374914468470448 -0.5 0.8 -2.2 -1.6 0.0
 4.6199999999999894 -1.9494761468332837 -0.5 0.8 -2.2 -1.6 0.0
 4.639999999999989 -1.9614374880644811 -0.5 0.8 -2.2 -1.6 0.0
 4.659999999999989 -1.9733747327087672 -0.5 0.8 -2.2 -1.6 0.0
 4.679999999999988 -1.9852871444206635 -0.5 0.8 -2.2 -1.6 0.0
 4.699999999999988 -1.997173988386502 -0.5 0.8 -2.2 -1.6 0.0
 4.719999999999987 -2.009034531369756 -0.5 0.8 -2.2 -1.6 0.0
 4.739999999999987 -2.0208680417562648 -0.5 0.8 -2.2 -1.6 0.0
 4.7599999999999865 -2.0326737895993685 -0.5 0.8 -2.2 -1.6 0.0
 4.779999999999986 -2.044451046664929 -0.5 0.8 -2.2 -1.6 0.0
 4.799999999999986 -2.056199086476255 -0.5 0.8 -2.2 -1.6 0.0
 4.819999999999985 -2.067917184358912 -0.5 0.8 -2.2 -1.6 0.0
 4.839999999999985 -2.079604617485427 -0.5 0.8 -2.2 -1.6 0.0
 4.859999999999984 -2.091260664919871 -0.5 0.8 -2.2 -1.6 0.0
 4.879999999999984 -2.1028846076623333 -0.5 0.8 -2.2 -1.6 0.0
 4.8999999999999835 -2.1144757286932725 -0.5 0.8 -2.2 -1.6 0.0
 4.919999999999983 -2.126033313017744 -0.5 0.8 -2.2 -1.6 0.0
 4.939999999999983 -2.137556647709505 -0.5 0.8 -2.2 -1.6 0.0
 4.959999999999982 -2.1490450219549926 -0.5 0.8 -2.2 -1.6 0.0
 4.979999999999982 -2.1604977270971686 -0.5 0.8 -2.2 -1.6 0.0
 4.999999999999981 -2.171914056679232 -0.5 0.8 -2.2 -1.6 0.0
 5.019999999999981 -2.1832933064881987 -0.5 0.8 -2.2 -1.6 0.0
 5.0399999999999805 -2.19463477459834 -0.5 0.8 -2.2 -1.6 0.0
 5.05999999999998 -2.205937761414479 -0.5 0.8 -2.2 -1.6 0.0
 5.07999999999998 -2.2172015697151477 -0.5 0.8 -2.2 -1.6 0.0
 5.099999999999979 -2.228425504695592 -0.5 0.8 -2.2 -1.6 0.0
 5.119999999999979 -2.239608874010634 -0.5 0.8 -2.2 -1.6 0.0
 5.139999999999978 -2.2507509878173755 -0.5 0.8 -2.2 -1.6 0.0
 5.159999999999978 -2.261851158817752 -0.5 0.8 -2.2 -1.6 0.0
 5.1799999999999775 -2.2729087023009305 -0.5 0.8 -2.2 -1.6 0.0
 5.199999999999977 -2.2839229361855438 -0.5 0.8 -2.2 -1.6 0.0
 5.219999999999977 -2.2948931810617625 -0.5 0.8 -2.2 -1.6 0.0
 5.239999999999976 -2.30581876023321 -0.5 0.8 -2.2 -1.6 0.0
 5.259999999999976 -2.3166989997586986 -0.5 0.8 -2.2 -1.6 0.0
 5.279999999999975 -2.3275332284938033 -0.5 0.8 -2.2 -1.6 0.0
 5.299999999999975 -2.3383207781322617 -0.5 0.8 -2.2 -1.6 0.0
 5.3199999999999745 -2.349060983247199 -0.5 0.8 -2.2 -1.6 0.0
 5.339999999999974 -2.359753181332173 -0.5 0.8 -2.2 -1.6 0.0
 5.359999999999974 -2.37039671284204 -0.5 0.8 -2.2 -1.6 0.0
 5.379999999999973 -2.380990921233641 -0.5 0.8 -2.2 -1.6 0.0
 5.399999999999973 -2.3915351530063003 -0.5 0.8 -2.2 -1.6 0.0
 5.419999999999972 -2.4020287577421335 -0.5 0.8 -2.2 -1.6 0.0
 5.439999999999972 -2.4124710881461717 -0.5 0.8 -2.2 -1.6 0.0
 5.4599999999999715 -2.4228615000862876 -0.5 0.8 -2.2 -1.6 0.0
 5.479999999999971 -2.43319935263293 -0.5 0.8 -2.2 -1.6 0.0
 5.499999999999971 -2.4434840080986575 -0.5 0.8 -2.2 -1.6 0.0
 5.51999999999997 -2.453714832077476 -0.5 0.8 -2.2 -1.6 0.0
 5.53999999999997 -2.4638911934839713 -0.5 0.8 -2.2 -1.6 0.0
 5.559999999999969 -2.474012464592237 -0.5 0.8 -2.2 -1.6 0.0
 5.579999999999969 -2.4840780210745947 -0.5 0.8 -2.2 -1.6 0.0
 5.599999999999969 -2.4940872420401092 -0.5 0.8 -2.2 -1.6 0.0
 5.619999999999968 -2.5040395100728823 -0.5 0.8 -2.2 -1.6 0.0
 5.639999999999968 -2.5139342112701435 -0.5 0.8 -2.2 -1.6 0.0
 5.659999999999967 -2.5237707352801135 -0.5 0.8 -2.2 -1.6 0.0
 5.679999999999967 -2.5335484753396584 -0.5 0.8 -2.2 -1.6 0.0
 5.699999999999966 -2.5432668283117135 -0.5 0.8 -2.2 -1.6 0.0
 5.719999999999966 -2.55292519472249 -0.5 0.8 -2.2 -1.6 0.0
 5.739999999999966 -2.562522978798452 -0.5 0.8 -2.2 -1.6 0.0
 5.759999999999965 -2.5720595885030697 -0.5 0.8 -2.2 -1.6 0.0
 5.779999999999965 -2.581534435573334 -0.5 0.8 -2.2 -1.6 0.0
 5.799999999999964 -2.5909469355560466 -0.5 0.8 -2.2 -1.6 0.0
 5.819999999999964 -2.600296507843873 -0.5 0.8 -2.2 -1.6 0.0
 5.839999999999963 -2.609582575711153 -0.5 0.8 -2.2 -1.6 0.0
 5.859999999999963 -2.6188045663494806 -0.5 0.8 -2.2 -1.6 0.0
 5.879999999999963 -2.627961910903032 -0.5 0.8 -2.2 -1.6 0.0
 5.899999999999962 -2.637054044503661 -0.5 0.8 -2.2 -1.6 0.0
 5.919999999999962 -2.6460804063057406 -0.5 0.8 -2.2 -1.6 0.0
 5.939999999999961 -2.6550404395207545 -0.5 0.8 -2.2 -1.6 0.0
 5.959999999999961 -2.6639335914516504 -0.5 0.8 -2.2 -1.6 0.0
 5.9799999999999605 -2.672759313526926 -0.5 0.8 -2.2 -1.6 0.0
 5.99999999999996 -2.6815170613344708 -0.5 0.8 -2.2 -1.6 0.0
 6.01999999999996 -2.690206294655147 -0.5 0.8 -2.2 -1.6 0.0
 6.039999999999959 -2.698826477496114 -0.5 0.8 -2.2 -1.6 0.0
 6.059999999999959 -2.7073770781238897 -0.5 0.8 -2.2 -1.6 0.0
 6.079999999999958 -2.7158575690971496 -0.5 0.8 -2.2 -1.6 0.0
 6.099999999999958 -2.724267427299264 -0.5 0.8 -2.2 -1.6 0.0
 6.1199999999999575 -2.732606133970566 -0.5 0.8 -2.2 -1.6 0.0
 6.139999999999957 -2.7408731747403485 -0.5 0.8 -2.2 -1.6 0.0
 6.159999999999957 -2.749068039658595 -0.5 0.8 -2.2 -1.6 0.0
 6.179999999999956 -2.757190223227438 -0.5 0.8 -2.2 -1.6 0.0
 6.199999999999956 -2.765239224432334 -0.5 0.8 -2.2 -1.6 0.0
 6.219999999999955 -2.7732145467729756 -0.5 0.8 -2.2 -1.6 0.0
 6.239999999999955 -2.7811156982939127 -0.5 0.8 -2.2 -1.6 0.0
 6.2599999999999545 -2.788942191614903 -0.5 0.8 -2.2 -1.6 0.0
 6.279999999999954 -2.796693543960972 -0.5 0.8 -2.2 -1.6 0.0
 6.299999999999954 -2.804369277192195 -0.5 0.8 -2.2 -1.6 0.0
 6.319999999999953 -2.8119689178331893 -0.5 0.8 -2.2 -1.6 0.0
 6.339999999999953 -2.8194919971023236 -0.5 0.8 -2.2 -1.6 0.0
 6.359999999999952 -2.8269380509406323 -0.5 0.8 -2.2 -1.6 0.0
 6.379999999999952 -2.8343066200404388 -0.5 0.8 -2.2 -1.6 0.0
 6.3999999999999515 -2.8415972498736934 -0.5 0.8 -2.2 -1.6 0.0
 6.419999999999951 -2.848809490720006 -0.5 0.8 -2.2 -1.6 0.0
 6.439999999999951 -2.8559428976943884 -0.5 0.8 -2.2 -1.6 0.0
 6.45999999999995 -2.8629970307746966 -0.5 0.8 -2.2 -1.6 0.0
 6.47999999999995 -2.8699714548287742 -0.5 0.8 -2.2 -1.6 0.0
 6.499999999999949 -2.876865739641294 -0.5 0.8 -2.2 -1.6 0.0
 6.519999999999949 -2.883679459940293 -0.5 0.8 -2.2 -1.6 0.0
 6.5399999999999485 -2.8904121954234077 -0.5 0.8 -2.2 -1.6 0.0
 6.559999999999948 -2.8970635307837997 -0.5 0.8 -2.2 -1.6 0.0
 6.579999999999948 -2.9036330557357735 -0.5 0.8 -2.2 -1.6 0.0
 6.599999999999947 -2.9101203650400844 -0.5 0.8 -2.2 -1.6 0.0
 6.619999999999947 -2.9165250585289373 -0.5 0.8 -2.2 -1.6 0.0
 6.639999999999946 -2.922846741130668 -0.5 0.8 -2.2 -1.6 0.0
 6.659999999999946 -2.9290850228941165 -0.5 0.8 -2.2 -1.6 0.0
 6.6799999999999455 -2.9352395190126788 -0.5 0.8 -2.2 -1.6 0.0
 6.699999999999945 -2.941309849848044 -0.5 0.8 -2.2 -1.6 0.0
 6.719999999999945 -2.9472956409536115 -0.5 0.8 -2.2 -1.6 0.0
 6.739999999999944 -2.953196523097591 -0.5 0.8 -2.2 -1.6 0.0
 6.759999999999944 -2.9590121322857774 -0.5 0.8 -2.2 -1.6 0.0
 6.779999999999943 -2.964742109784 -0.5 0.8 -2.2 -1.6 0.0
 6.799999999999943 -2.9703861021402567 -0.5 0.8 -2.2 -1.6 0.0
 6.8199999999999426 -2.975943761206514 -0.5 0.8 -2.2 -1.6 0.0
 6.839999999999942 -2.9814147441601815 -0.5 0.8 -2.2 -1.6 0.0
 6.859999999999942 -2.9867987135252596 -0.5 0.8 -2.2 -1.6 0.0
 6.879999999999941 -2.992095337193158 -0.5 0.8 -2.2 -1.6 0.0
 6.899999999999941 -2.9973042884431784 -0.5 0.8 -2.2 -1.6 0.0
 6.91999999999994 -3.002425245962672 -0.5 0.8 -2.2 -1.6 0.0
 6.93999999999994 -3.0074578938668566 -0.5 0.8 -2.2 -1.6 0.0
 6.95999999999994 -3.0124019217183045 -0.5 0.8 -2.2 -1.6 0.0
 6.979999999999939 -3.0172570245460886 -0.5 0.8 -2.2 -1.6 0.0
 6.999999999999939 -3.0220229028645975 -0.5 0.8 -2.2 -1.6 0.0
 7.019999999999938 -3.0266992626920066 -0.5 0.8 -2.2 -1.6 0.0
 7.039999999999938 -3.0312858155684146 -0.5 0.8 -2.2 -1.6 0.0
 7.059999999999937 -3.0357822785736355 -0.5 0.8 -2.2 -1.6 0.0
 7.079999999999937 -3.0401883743446505 -0.5 0.8 -2.2 -1.6 0.0
 7.099999999999937 -3.044503831092718 -0.5 0.8 -2.2 -1.6 0.0
 7.119999999999936 -3.048728382620138 -0.5 0.8 -2.2 -1.6 0.0
 7.139999999999936 -3.0528617683366734 -0.5 0.8 -2.2 -1.6 0.0
 7.159999999999935 -3.0569037332756235 -0.5 0.8 -2.2 -1.6 0.0
 7.179999999999935 -3.06085402810955 -0.5 0.8 -2.2 -1.6 0.0
 7.1999999999999345 -3.064712409165662 -0.5 0.8 -2.2 -1.6 0.0
 7.219999999999934 -3.0684786384408396 -0.5 0.8 -2.2 -1.6 0.0
 7.239999999999934 -3.072152483616321 -0.5 0.8 -2.2 -1.6 0.0
 7.259999999999933 -3.0757337180720317 -0.5 0.8 -2.2 -1.6 0.0
 7.279999999999933 -3.07922212090056 -0.5 0.8 -2.2 -1.6 0.0
 7.299999999999932 -3.082617476920788 -0.5 0.8 -2.2 -1.6 0.0
 7.319999999999932 -3.085919576691163 -0.5 0.8 -2.2 -1.6 0.0
 7.3399999999999315 -3.089128216522616 -0.5 0.8 -2.2 -1.6 0.0
 7.359999999999931 -3.092243198491129 -0.5 0.8 -2.2 -1.6 0.0
 7.379999999999931 -3.0952643304499414 -0.5 0.8 -2.2 -1.6 0.0
 7.39999999999993 -3.098191426041403 -0.5 0.8 -2.2 -1.6 0.0
 7.41999999999993 -3.10102430470847 -0.5 0.8 -2.2 -1.6 0.0
 7.439999999999929 -3.103762791705841 -0.5 0.8 -2.2 -1.6 0.0
 7.459999999999929 -3.1064067181107395 -0.5 0.8 -2.2 -1.6 0.0
 7.4799999999999285 -3.108955920833332 -0.5 0.8 -2.2 -1.6 0.0
 7.499999999999928 -3.1114102426267847 -0.5 0.8 -2.2 -1.6 0.0
 7.519999999999928 -3.11376953209697 -0.5 0.8 -2.2 -1.6 0.0
 7.539999999999927 -3.1160336437117993 -0.5 0.8 -2.2 -1.6 0.0
 7.559999999999927 -3.1182024378102033 -0.5 0.8 -2.2 -1.6 0.0
 7.579999999999926 -3.1202757806107466 -0.5 0.8 -2.2 -1.6 0.0
 7.599999999999926 -3.1222535442198787 -0.5 0.8 -2.2 -1.6 0.0
 7.6199999999999255 -3.1241356066398236 -0.5 0.8 -2.2 -1.6 0.0
 7.639999999999925 -3.1259218517761065 -0.5 0.8 -2.2 -1.6 0.0
 7.659999999999925 -3.1276121694447134 -0.5 0.8 -2.2 -1.6 0.0
 7.679999999999924 -3.1292064553788883 -0.5 0.8 -2.2 -1.6 0.0
 7.699999999999924 -3.130704611235565 -0.5 0.8 -2.2 -1.6 0.0
 7.719999999999923 -3.1321065446014336 -0.5 0.8 -2.2 -1.6 0.0
 7.739999999999923 -3.13341216899864 -0.5 0.8 -2.2 -1.6 0.0
 7.7599999999999225 -3.134621403890121 -0.5 0.8 -2.2 -1.6 0.0
 7.779999999999922 -3.135734174684573 -0.5 0.8 -2.2 -1.6 0.0
 7.799999999999922 -3.136750412741052 -0.5 0.8 -2.2 -1.6 0.0
 7.819999999999921 -3.1376700553732078 -0.5 0.8 -2.2 -1.6 0.0
 7.839999999999921 -3.13849304585315 -0.5 0.8 -2.2 -1.6 0.0
 7.85999999999992 -3.1392193334149505 -0.5 0.8 -2.2 -1.6 0.0
 7.87999999999992 -3.13984887325777 -0.5 0.8 -2.2 -1.6 0.0
 7.8999999999999195 -3.140381626548627 -0.5 0.8 -2.2 -1.6 0.0
 7.919999999999919 -3.1408175604247877 -0.5 0.8 -2.2 -1.6 0.0
 7.939999999999919 -3.141156647995798 -0.5 0.8 -2.2 -1.6 0.0
 7.959999999999918 -3.141398868345139 -0.5 0.8 -2.2 -1.6 0.0
 7.979999999999918 -3.1415442065315187 -0.5 0.8 -2.2 -1.6 0.0
 7.999999999999917 -3.141592653589793 -0.5 0.8 -2.2 -1.6 0.0
 8.019999999999918 -3.1415442065315196 -0.5 0.8 -2.2 -1.6 0.0
 8.039999999999917 -3.1413988683451404 -0.5 0.8 -2.2 -1.6 0.0
 8.059999999999917 -3.1411566479958006 -0.5 0.8 -2.2 -1.6 0.0
 8.079999999999917 -3.1408175604247908 -0.5 0.8 -2.2 -1.6 0.0
 8.099999999999916 -3.140381626548631 -0.5 0.8 -2.2 -1.6 0.0
 8.119999999999916 -3.139848873257775 -0.5 0.8 -2.2 -1.6 0.0
 8.139999999999915 -3.139219333414956 -0.5 0.8 -2.2 -1.6 0.0
 8.159999999999915 -3.1384930458531564 -0.5 0.8 -2.2 -1.6 0.0
 8.179999999999914 -3.137670055373215 -0.5 0.8 -2.2 -1.6 0.0
 8.199999999999914 -3.13675041274106 -0.5 0.8 -2.2 -1.6 0.0
 8.219999999999914 -3.135734174684582 -0.5 0.8 -2.2 -1.6 0.0
 8.239999999999913 -3.1346214038901303 -0.5 0.8 -2.2 -1.6 0.0
 8.259999999999913 -3.13341216899865 -0.5 0.8 -2.2 -1.6 0.0
 8.279999999999912 -3.1321065446014447 -0.5 0.8 -2.2 -1.6 0.0
 8.299999999999912 -3.130704611235577 -0.5 0.8 -2.2 -1.6 0.0
 8.319999999999911 -3.129206455378901 -0.5 0.8 -2.2 -1.6 0.0
 8.339999999999911 -3.127612169444727 -0.5 0.8 -2.2 -1.6 0.0
 8.35999999999991 -3.1259218517761207 -0.5 0.8 -2.2 -1.6 0.0
 8.37999999999991 -3.1241356066398387 -0.5 0.8 -2.2 -1.6 0.0
 8.39999999999991 -3.1222535442198946 -0.5 0.8 -2.2 -1.6 0.0
 8.41999999999991 -3.120275780610763 -0.5 0.8 -2.2 -1.6 0.0
 8.439999999999909 -3.118202437810221 -0.5 0.8 -2.2 -1.6 0.0
 8.459999999999908 -3.1160336437118175 -0.5 0.8 -2.2 -1.6 0.0
 8.479999999999908 -3.113769532096989 -0.5 0.8 -2.2 -1.6 0.0
 8.499999999999908 -3.1114102426268047 -0.5 0.8 -2.2 -1.6 0.0
 8.519999999999907 -3.1089559208333526 -0.5 0.8 -2.2 -1.6 0.0
 8.539999999999907 -3.1064067181107617 -0.5 0.8 -2.2 -1.6 0.0
 8.559999999999906 -3.1037627917058632 -0.5 0.8 -2.2 -1.6 0.0
 8.579999999999906 -3.101024304708492 -0.5 0.8 -2.2 -1.6 0.0
 8.599999999999905 -3.098191426041427 -0.5 0.8 -2.2 -1.6 0.0
 8.619999999999905 -3.095264330449966 -0.5 0.8 -2.2 -1.6 0.0
 8.639999999999905 -3.092243198491154 -0.5 0.8 -2.2 -1.6 0.0
 8.659999999999904 -3.089128216522642 -0.5 0.8 -2.2 -1.6 0.0
 8.679999999999904 -3.0859195766911895 -0.5 0.8 -2.2 -1.6 0.0
 8.699999999999903 -3.0826174769208157 -0.5 0.8 -2.2 -1.6 0.0
 8.719999999999903 -3.0792221209005883 -0.5 0.8 -2.2 -1.6 0.0
 8.739999999999903 -3.075733718072061 -0.5 0.8 -2.2 -1.6 0.0
 8.759999999999902 -3.0721524836163514 -0.5 0.8 -2.2 -1.6 0.0
 8.779999999999902 -3.0684786384408707 -0.5 0.8 -2.2 -1.6 0.0
 8.799999999999901 -3.0647124091656934 -0.5 0.8 -2.2 -1.6 0.0
 8.8199999999999 -3.0608540281095826 -0.5 0.8 -2.2 -1.6 0.0
 8.8399999999999 -3.0569037332756563 -0.5 0.8 -2.2 -1.6 0.0
 8.8599999999999 -3.052861768336707 -0.5 0.8 -2.2 -1.6 0.0
 8.8799999999999 -3.0487283826201725 -0.5 0.8 -2.2 -1.6 0.0
 8.899999999999899 -3.0445038310927535 -0.5 0.8 -2.2 -1.6 0.0
 8.919999999999899 -3.0401883743446865 -0.5 0.8 -2.2 -1.6 0.0
 8.939999999999898 -3.035782278573672 -0.5 0.8 -2.2 -1.6 0.0
 8.959999999999898 -3.0312858155684523 -0.5 0.8 -2.2 -1.6 0.0
 8.979999999999897 -3.026699262692045 -0.5 0.8 -2.2 -1.6 0.0
 8.999999999999897 -3.022022902864636 -0.5 0.8 -2.2 -1.6 0.0
 9.019999999999897 -3.0172570245461285 -0.5 0.8 -2.2 -1.6 0.0
 9.039999999999896 -3.012401921718345 -0.5 0.8 -2.2 -1.6 0.0
 9.059999999999896 -3.007457893866898 -0.5 0.8 -2.2 -1.6 0.0
 9.079999999999895 -3.0024252459627134 -0.5 0.8 -2.2 -1.6 0.0
 9.099999999999895 -2.9973042884432206 -0.5 0.8 -2.2 -1.6 0.0
 9.119999999999894 -2.9920953371932013 -0.5 0.8 -2.2 -1.6 0.0
 9.139999999999894 -2.986798713525304 -0.5 0.8 -2.2 -1.6 0.0
 9.159999999999894 -2.981414744160226 -0.5 0.8 -2.2 -1.6 0.0
 9.179999999999893 -2.97594376120656 -0.5 0.8 -2.2 -1.6 0.0
 9.199999999999893 -2.970386102140303 -0.5 0.8 -2.2 -1.6 0.0
 9.219999999999892 -2.964742109784047 -0.5 0.8 -2.2 -1.6 0.0
 9.239999999999892 -2.9590121322858245 -0.5 0.8 -2.2 -1.6 0.0
 9.259999999999891 -2.95319652309764 -0.5 0.8 -2.2 -1.6 0.0
 9.279999999999891 -2.9472956409536604 -0.5 0.8 -2.2 -1.6 0.0
 9.29999999999989 -2.9413098498480936 -0.5 0.8 -2.2 -1.6 0.0
 9.31999999999989 -2.9352395190127294 -0.5 0.8 -2.2 -1.6 0.0
 9.33999999999989 -2.929085022894168 -0.5 0.8 -2.2 -1.6 0.0
 9.35999999999989 -2.9228467411307197 -0.5 0.8 -2.2 -1.6 0.0
 9.379999999999889 -2.9165250585289897 -0.5 0.8 -2.2 -1.6 0.0
 9.399999999999888 -2.9101203650401377 -0.5 0.8 -2.2 -1.6 0.0
 9.419999999999888 -2.903633055735827 -0.5 0.8 -2.2 -1.6 0.0
 9.439999999999888 -2.8970635307838544 -0.5 0.8 -2.2 -1.6 0.0
 9.459999999999887 -2.8904121954234627 -0.5 0.8 -2.2 -1.6 0.0
 9.479999999999887 -2.883679459940349 -0.5 0.8 -2.2 -1.6 0.0
 9.499999999999886 -2.8768657396413504 -0.5 0.8 -2.2 -1.6 0.0
 9.519999999999886 -2.8699714548288315 -0.5 0.8 -2.2 -1.6 0.0
 9.539999999999885 -2.8629970307747543 -0.5 0.8 -2.2 -1.6 0.0
 9.559999999999885 -2.855942897694447 -0.5 0.8 -2.2 -1.6 0.0
 9.579999999999885 -2.8488094907200656 -0.5 0.8 -2.2 -1.6 0.0
 9.599999999999884 -2.8415972498737534 -0.5 0.8 -2.2 -1.6 0.0
 9.619999999999884 -2.8343066200404996 -0.5 0.8 -2.2 -1.6 0.0
 9.639999999999883 -2.8269380509406927 -0.5 0.8 -2.2 -1.6 0.0
 9.659999999999883 -2.8194919971023857 -0.5 0.8 -2.2 -1.6 0.0
 9.679999999999882 -2.8119689178332514 -0.5 0.8 -2.2 -1.6 0.0
 9.699999999999882 -2.8043692771922575 -0.5 0.8 -2.2 -1.6 0.0
 9.719999999999882 -2.7966935439610356 -0.5 0.8 -2.2 -1.6 0.0
 9.739999999999881 -2.788942191614967 -0.5 0.8 -2.2 -1.6 0.0
 9.75999999999988 -2.781115698293978 -0.5 0.8 -2.2 -1.6 0.0
 9.77999999999988 -2.7732145467730405 -0.5 0.8 -2.2 -1.6 0.0
 9.79999999999988 -2.7652392244324 -0.5 0.8 -2.2 -1.6 0.0
 9.81999999999988 -2.7571902232275045 -0.5 0.8 -2.2 -1.6 0.0
 9.839999999999879 -2.749068039658663 -0.5 0.8 -2.2 -1.6 0.0
 9.859999999999879 -2.7408731747404165 -0.5 0.8 -2.2 -1.6 0.0
 9.879999999999878 -2.7326061339706342 -0.5 0.8 -2.2 -1.6 0.0
 9.899999999999878 -2.724267427299334 -0.5 0.8 -2.2 -1.6 0.0
 9.919999999999877 -2.7158575690972193 -0.5 0.8 -2.2 -1.6 0.0
 9.939999999999877 -2.70737707812396 -0.5 0.8 -2.2 -1.6 0.0
 9.959999999999877 -2.6988264774961848 -0.5 0.8 -2.2 -1.6 0.0
 9.979999999999876 -2.6902062946552183 -0.5 0.8 -2.2 -1.6 0.0
 9.999999999999876 -2.6815170613345423 -0.5 0.8 -2.2 -1.6 0.0
 10.019999999999875 -2.6727593135269982 -0.5 0.8 -2.2 -1.6 0.0
 10.039999999999875 -2.663933591451724 -0.5 0.8 -2.2 -1.6 0.0
 10.059999999999874 -2.6550404395208282 -0.5 0.8 -2.2 -1.6 0.0
 10.079999999999874 -2.6460804063058143 -0.5 0.8 -2.2 -1.6 0.0
 10.099999999999874 -2.637054044503736 -0.5 0.8 -2.2 -1.6 0.0
 10.119999999999873 -2.6279619109031076 -0.5 0.8 -2.2 -1.6 0.0
 10.139999999999873 -2.618804566349556 -0.5 0.8 -2.2 -1.6 0.0
 10.159999999999872 -2.6095825757112294 -0.5 0.8 -2.2 -1.6 0.0
 10.179999999999872 -2.6002965078439493 -0.5 0.8 -2.2 -1.6 0.0
 10.199999999999871 -2.590946935556124 -0.5 0.8 -2.2 -1.6 0.0
 10.219999999999871 -2.5815344355734116 -0.5 0.8 -2.2 -1.6 0.0
 10.23999999999987 -2.5720595885031483 -0.5 0.8 -2.2 -1.6 0.0
 10.25999999999987 -2.5625229787985306 -0.5 0.8 -2.2 -1.6 0.0
 10.27999999999987 -2.552925194722569 -0.5 0.8 -2.2 -1.6 0.0
 10.29999999999987 -2.5432668283117934 -0.5 0.8 -2.2 -1.6 0.0
 10.319999999999869 -2.533548475339739 -0.5 0.8 -2.2 -1.6 0.0
 10.339999999999868 -2.523770735280195 -0.5 0.8 -2.2 -1.6 0.0
 10.359999999999868 -2.5139342112702243 -0.5 0.8 -2.2 -1.6 0.0
 10.379999999999868 -2.504039510072964 -0.5 0.8 -2.2 -1.6 0.0
 10.399999999999867 -2.494087242040192 -0.5 0.8 -2.2 -1.6 0.0
 10.419999999999867 -2.4840780210746773 -0.5 0.8 -2.2 -1.6 0.0
 10.439999999999866 -2.47401246459232 -0.5 0.8 -2.2 -1.6 0.0
 10.459999999999866 -2.4638911934840553 -0.5 0.8 -2.2 -1.6 0.0
 10.479999999999865 -2.4537148320775595 -0.5 0.8 -2.2 -1.6 0.0
 10.499999999999865 -2.443484008098742 -0.5 0.8 -2.2 -1.6 0.0
 10.519999999999865 -2.4331993526330153 -0.5 0.8 -2.2 -1.6 0.0
 10.539999999999864 -2.422861500086373 -0.5 0.8 -2.2 -1.6 0.0
 10.559999999999864 -2.412471088146258 -0.5 0.8 -2.2 -1.6 0.0
 10.579999999999863 -2.4020287577422197 -0.5 0.8 -2.2 -1.6 0.0
 10.599999999999863 -2.391535153006387 -0.5 0.8 -2.2 -1.6 0.0
 10.619999999999862 -2.380990921233728 -0.5 0.8 -2.2 -1.6 0.0
 10.639999999999862 -2.3703967128421266 -0.5 0.8 -2.2 -1.6 0.0
 10.659999999999862 -2.3597531813322603 -0.5 0.8 -2.2 -1.6 0.0
 10.679999999999861 -2.3490609832472877 -0.5 0.8 -2.2 -1.6 0.0
 10.69999999999986 -2.33832077813235 -0.5 0.8 -2.2 -1.6 0.0
 10.71999999999986 -2.327533228493892 -0.5 0.8 -2.2 -1.6 0.0
 10.73999999999986 -2.316698999758789 -0.5 0.8 -2.2 -1.6 0.0
 10.75999999999986 -2.3058187602333 -0.5 0.8 -2.2 -1.6 0.0
 10.779999999999859 -2.294893181061853 -0.5 0.8 -2.2 -1.6 0.0
 10.799999999999859 -2.283922936185635 -0.5 0.8 -2.2 -1.6 0.0
 10.819999999999858 -2.272908702301021 -0.5 0.8 -2.2 -1.6 0.0
 10.839999999999858 -2.2618511588178434 -0.5 0.8 -2.2 -1.6 0.0
 10.859999999999857 -2.250750987817466 -0.5 0.8 -2.2 -1.6 0.0
 10.879999999999857 -2.239608874010726 -0.5 0.8 -2.2 -1.6 0.0
 10.899999999999856 -2.228425504695685 -0.5 0.8 -2.2 -1.6 0.0
 10.919999999999856 -2.21720156971524 -0.5 0.8 -2.2 -1.6 0.0
 10.939999999999856 -2.2059377614145723 -0.5 0.8 -2.2 -1.6 0.0
 10.959999999999855 -2.194634774598434 -0.5 0.8 -2.2 -1.6 0.0
 10.979999999999855 -2.1832933064882925 -0.5 0.8 -2.2 -1.6 0.0
 10.999999999999854 -2.1719140566793262 -0.5 0.8 -2.2 -1.6 0.0
 11.019999999999854 -2.1604977270972636 -0.5 0.8 -2.2 -1.6 0.0
 11.039999999999853 -2.149045021955087 -0.5 0.8 -2.2 -1.6 0.0
 11.059999999999853 -2.1375566477096 -0.5 0.8 -2.2 -1.6 0.0
 11.079999999999853 -2.1260333130178384 -0.5 0.8 -2.2 -1.6 0.0
 11.099999999999852 -2.1144757286933675 -0.5 0.8 -2.2 -1.6 0.0
 11.119999999999852 -2.1028846076624297 -0.5 0.8 -2.2 -1.6 0.0
 11.139999999999851 -2.0912606649199663 -0.5 0.8 -2.2 -1.6 0.0
 11.159999999999851 -2.0796046174855234 -0.5 0.8 -2.2 -1.6 0.0
 11.17999999999985 -2.0679171843590094 -0.5 0.8 -2.2 -1.6 0.0
 11.19999999999985 -2.056199086476351 -0.5 0.8 -2.2 -1.6 0.0
 11.21999999999985 -2.0444510466650256 -0.5 0.8 -2.2 -1.6 0.0
 11.23999999999985 -2.032673789599466 -0.5 0.8 -2.2 -1.6 0.0
 11.259999999999849 -2.020868041756362 -0.5 0.8 -2.2 -1.6 0.0
 11.279999999999848 -2.0090345313698537 -0.5 0.8 -2.2 -1.6 0.0
 11.299999999999848 -1.9971739883865993 -0.5 0.8 -2.2 -1.6 0.0
 11.319999999999848 -1.9852871444207614 -0.5 0.8 -2.2 -1.6 0.0
 11.339999999999847 -1.9733747327088662 -0.5 0.8 -2.2 -1.6 0.0
 11.359999999999847 -1.961437488064579 -0.5 0.8 -2.2 -1.6 0.0
 11.379999999999846 -1.949476146833382 -0.5 0.8 -2.2 -1.6 0.0
 11.399999999999846 -1.937491446847144 -0.5 0.8 -2.2 -1.6 0.0
 11.419999999999845 -1.9254841273786116 -0.5 0.8 -2.2 -1.6 0.0
 11.439999999999845 -1.9134549290958116 -0.5 0.8 -2.2 -1.6 0.0
 11.459999999999845 -1.9014045940163558 -0.5 0.8 -2.2 -1.6 0.0
 11.479999999999844 -1.8893338654616723 -0.5 0.8 -2.2 -1.6 0.0
 11.499999999999844 -1.8772434880111595 -0.5 0.8 -2.2 -1.6 0.0
 11.519999999999843 -1.8651342074562476 -0.5 0.8 -2.2 -1.6 0.0
 11.539999999999843 -1.8530067707544002 -0.5 0.8 -2.2 -1.6 0.0
 11.559999999999842 -1.8408619259830408 -0.5 0.8 -2.2 -1.6 0.0
 11.579999999999842 -1.8287004222933996 -0.5 0.8 -2.2 -1.6 0.0
 11.599999999999842 -1.8165230098643126 -0.5 0.8 -2.2 -1.6 0.0
 11.619999999999841 -1.8043304398559379 -0.5 0.8 -2.2 -1.6 0.0
 11.63999999999984 -1.7921234643634243 -0.5 0.8 -2.2 -1.6 0.0
 11.65999999999984 -1.779902836370523 -0.5 0.8 -2.2 -1.6 0.0
 11.67999999999984 -1.7676693097031313 -0.5 0.8 -2.2 -1.6 0.0
 11.69999999999984 -1.755423638982798 -0.5 0.8 -2.2 -1.6 0.0
 11.719999999999839 -1.743166579580178 -0.5 0.8 -2.2 -1.6 0.0
 11.739999999999839 -1.73089888756843 -0.5 0.8 -2.2 -1.6 0.0
 11.759999999999838 -1.7186213196765816 -0.5 0.8 -2.2 -1.6 0.0
 11.779999999999838 -1.7063346332428557 -0.5 0.8 -2.2 -1.6 0.0
 11.799999999999837 -1.6940395861679443 -0.5 0.8 -2.2 -1.6 0.0
 11.819999999999837 -1.6817369368682686 -0.5 0.8 -2.2 -1.6 0.0
 11.839999999999836 -1.6694274442291865 -0.5 0.8 -2.2 -1.6 0.0
 11.859999999999836 -1.6571118675581857 -0.5 0.8 -2.2 -1.6 0.0
 11.879999999999836 -1.6447909665380498 -0.5 0.8 -2.2 -1.6 0.0
 11.899999999999835 -1.6324655011799882 -0.5 0.8 -2.2 -1.6 0.0
 11.919999999999835 -1.6201362317767618 -0.5 0.8 -2.2 -1.6 0.0
 11.939999999999834 -1.6078039188557856 -0.5 0.8 -2.2 -1.6 0.0
 11.959999999999834 -1.5954693231322097 -0.5 0.8 -2.2 -1.6 0.0
 11.979999999999833 -1.5831332054619982 -0.5 0.8 -2.2 -1.6 0.0
 11.999999999999833 -1.570796326795 -0.5 0.8 -2.2 -1.6 0.0
 12.019999999999833 -1.5584594481280005 -0.5 0.8 -2.2 -1.6 0.0
 12.039999999999832 -1.5461233304577904 -0.5 0.8 -2.2 -1.6 0.0
 12.059999999999832 -1.5337887347342145 -0.5 0.8 -2.2 -1.6 0.0
 12.079999999999831 -1.521456421813237 -0.5 0.8 -2.2 -1.6 0.0
 12.099999999999831 -1.5091271524100116 -0.5 0.8 -2.2 -1.6 0.0
 12.11999999999983 -1.4968016870519503 -0.5 0.8 -2.2 -1.6 0.0
 12.13999999999983 -1.4844807860318125 -0.5 0.8 -2.2 -1.6 0.0
 12.15999999999983 -1.472165209360813 -0.5 0.8 -2.2 -1.6 0.0
 12.17999999999983 -1.459855716721731 -0.5 0.8 -2.2 -1.6 0.0
 12.199999999999829 -1.4475530674220538 -0.5 0.8 -2.2 -1.6 0.0
 12.219999999999828 -1.4352580203471437 -0.5 0.8 -2.2 -1.6 0.0
 12.239999999999828 -1.4229713339134162 -0.5 0.8 -2.2 -1.6 0.0
 12.259999999999827 -1.410693766021569 -0.5 0.8 -2.2 -1.6 0.0
 12.279999999999827 -1.3984260740098209 -0.5 0.8 -2.2 -1.6 0.0
 12.299999999999827 -1.3861690146071992 -0.5 0.8 -2.2 -1.6 0.0
 12.319999999999826 -1.3739233438868672 -0.5 0.8 -2.2 -1.6 0.0
 12.339999999999826 -1.3616898172194754 -0.5 0.8 -2.2 -1.6 0.0
 12.359999999999825 -1.3494691892265724 -0.5 0.8 -2.2 -1.6 0.0
 12.379999999999825 -1.33726221373406 -0.5 0.8 -2.2 -1.6 0.0
 12.399999999999824 -1.325069643725685 -0.5 0.8 -2.2 -1.6 0.0
 12.419999999999824 -1.3128922312965963 -0.5 0.8 -2.2 -1.6 0.0
 12.439999999999824 -1.3007307276069562 -0.5 0.8 -2.2 -1.6 0.0
 12.459999999999823 -1.2885858828355965 -0.5 0.8 -2.2 -1.6 0.0
 12.479999999999823 -1.276458446133749 -0.5 0.8 -2.2 -1.6 0.0
 12.499999999999822 -1.2643491655788368 -0.5 0.8 -2.2 -1.6 0.0
 12.519999999999822 -1.2522587881283223 -0.5 0.8 -2.2 -1.6 0.0
 12.539999999999822 -1.2401880595736396 -0.5 0.8 -2.2 -1.6 0.0
 12.559999999999821 -1.2281377244941836 -0.5 0.8 -2.2 -1.6 0.0
 12.57999999999982 -1.2161085262113818 -0.5 0.8 -2.2 -1.6 0.0
 12.59999999999982 -1.2041012067428505 -0.5 0.8 -2.2 -1.6 0.0
 12.61999999999982 -1.1921165067566117 -0.5 0.8 -2.2 -1.6 0.0
 12.63999999999982 -1.1801551655254132 -0.5 0.8 -2.2 -1.6 0.0
 12.659999999999819 -1.1682179208811272 -0.5 0.8 -2.2 -1.6 0.0
 12.679999999999819 -1.1563055091692314 -0.5 0.8 -2.2 -1.6 0.0
 12.699999999999818 -1.1444186652033916 -0.5 0.8 -2.2 -1.6 0.0
 12.719999999999818 -1.1325581222201384 -0.5 0.8 -2.2 -1.6 0.0
 12.739999999999817 -1.120724611833628 -0.5 0.8 -2.2 -1.6 0.0
 12.759999999999817 -1.108918863990525 -0.5 0.8 -2.2 -1.6 0.0
 12.779999999999816 -1.0971416069249647 -0.5 0.8 -2.2 -1.6 0.0
 12.799999999999816 -1.0853935671136377 -0.5 0.8 -2.2 -1.6 0.0
 12.819999999999816 -1.0736754692309805 -0.5 0.8 -2.2 -1.6 0.0
 12.839999999999815 -1.0619880361044658 -0.5 0.8 -2.2 -1.6 0.0
 12.859999999999815 -1.0503319886700206 -0.5 0.8 -2.2 -1.6 0.0
 12.879999999999814 -1.0387080459275584 -0.5 0.8 -2.2 -1.6 0.0
 12.899999999999814 -1.0271169248966197 -0.5 0.8 -2.2 -1.6 0.0
 12.919999999999813 -1.0155593405721473 -0.5 0.8 -2.2 -1.6 0.0
 12.939999999999813 -1.004036005880386 -0.5 0.8 -2.2 -1.6 0.0
 12.959999999999813 -0.9925476316348972 -0.5 0.8 -2.2 -1.6 0.0
 12.979999999999812 -0.9810949264927217 -0.5 0.8 -2.2 -1.6 0.0
 12.999999999999812 -0.9696785969106583 -0.5 0.8 -2.2 -1.6 0.0
 13.019999999999811 -0.9582993471016902 -0.5 0.8 -2.2 -1.6 0.0
 13.03999999999981 -0.9469578789915492 -0.5 0.8 -2.2 -1.6 0.0
 13.05999999999981 -0.9356548921754102 -0.5 0.8 -2.2 -1.6 0.0
 13.07999999999981 -0.9243910838747406 -0.5 0.8 -2.2 -1.6 0.0
 13.09999999999981 -0.9131671488942961 -0.5 0.8 -2.2 -1.6 0.0
 13.11999999999981 -0.9019837795792545 -0.5 0.8 -2.2 -1.6 0.0
 13.139999999999809 -0.8908416657725122 -0.5 0.8 -2.2 -1.6 0.0
 13.159999999999808 -0.8797414947721356 -0.5 0.8 -2.2 -1.6 0.0
 13.179999999999808 -0.8686839512889558 -0.5 0.8 -2.2 -1.6 0.0
 13.199999999999807 -0.857669717404343 -0.5 0.8 -2.2 -1.6 0.0
 13.219999999999807 -0.8466994725281236 -0.5 0.8 -2.2 -1.6 0.0
 13.239999999999807 -0.835773893356675 -0.5 0.8 -2.2 -1.6 0.0
 13.259999999999806 -0.8248936538311866 -0.5 0.8 -2.2 -1.6 0.0
 13.279999999999806 -0.8140594250960822 -0.5 0.8 -2.2 -1.6 0.0
 13.299999999999805 -0.8032718754576224 -0.5 0.8 -2.2 -1.6 0.0
 13.319999999999805 -0.7925316703426851 -0.5 0.8 -2.2 -1.6 0.0
 13.339999999999804 -0.7818394722577117 -0.5 0.8 -2.2 -1.6 0.0
 13.359999999999804 -0.7711959407478436 -0.5 0.8 -2.2 -1.6 0.0
 13.379999999999804 -0.7606017323562421 -0.5 0.8 -2.2 -1.6 0.0
 13.399999999999803 -0.7500575005835829 -0.5 0.8 -2.2 -1.6 0.0
 13.419999999999803 -0.7395638958477483 -0.5 0.8 -2.2 -1.6 0.0
 13.439999999999802 -0.7291215654437101 -0.5 0.8 -2.2 -1.6 0.0
 