0.0 -0.8526252440030404 -53.26976875590362 -15.153803258964219 -0.1649472999929857 -0.019832025516980736 0.0039264923182687666
0.02 -0.8721384823881295 -53.269785279530126 -15.15379340808357 -0.164945743928876 -0.019831332294920786 0.003926351570546464
0.04 -0.8814764391745685 -53.26956378918682 -15.153906548829147 -0.16484742275625172 -0.020012785265363157 0.003936739255257632
0.06 -0.8849741601744959 -53.269375205978335 -15.153969815397422 -0.1648161898200789 -0.020207276990683646 0.00395068195387648
0.08 -0.8851878119669768 -53.26927609401995 -15.153966109992078 -0.16482695623464821 -0.02035495958930402 0.003964562118174437
0.1 -0.8836191231434412 -53.2692729349508 -15.15390357578707 -0.16485025452518445 -0.02044395365807822 0.003976610536589148
0.12000000000000001 -0.8811427209262178 -53.26935824338989 -15.153792898543673 -0.1648700178376873 -0.02048116977418985 0.00398608747946377
0.14 -0.8782607994781376 -53.26952098467615 -15.15364326016844 -0.1648795817171242 -0.020478917097572776 0.003992814570045491
0.16 -0.875255178972876 -53.26975028791502 -15.153461791486212 -0.16487727754192893 -0.02044926327953109 0.003996905014196227
0.18 -0.8722780377543867 -53.27003678331066 -15.153253765432147 -0.16486373271433635 -0.02040207229793525 0.0039986095003395
0.19999999999999998 -0.8694059553879686 -53.270372933383115 -15.15302294433348 -0.16484042957172884 -0.02034467500276239 0.003998229901954583
0.21999999999999997 -0.86667201625345 -53.270752931398306 -15.152771925797044 -0.164808999215794 -0.020282176636817664 0.003996072570159244
0.23999999999999996 -0.8640848069395692 -53.27117243811758 -15.152502440582621 -0.16477091250416992 -0.02021794155859544 0.003992424534676734
0.25999999999999995 -0.8616395952956065 -53.27162828560691 -15.152215592108218 -0.16472737433643436 -0.02015406172725299 0.003987542766853902
0.27999999999999997 -0.8593248544173306 -53.27211820474926 -15.151912041121637 -0.16467931504615643 -0.020091742281915653 0.003981650718249966
0.3 -0.8571260222425312 -53.27264059675987 -15.151592143974774 -0.1646274228272824 -0.020031593798596294 0.003974938757663245
0.32 -0.8550276255776512 -53.27319435156855 -15.151256053843765 -0.16457218891518136 -0.01997384267506279 0.00396756655620961
0.34 -0.8530144415844466 -53.273778708395525 -15.150903793433304 -0.16451395226299487 -0.019918477088075467 0.003959666312070688
0.36000000000000004 -0.8510720972548784 -53.27439315132786 -15.150535306302224 -0.16445293830952704 -0.019865345297257565 0.003951346200953936
0.38000000000000006 -0.8491873446362881 -53.27503733255594 -15.150150492474953 -0.16438929035301889 -0.019814220112570776 0.003942693726468716
0.4000000000000001 -0.8473481524416409 -53.275711016785074 -15.149749232684893 -0.1643230938488842 -0.019764840043269803 0.003933778810700655
0.4200000000000001 -0.8455436968006931 -53.27641404149623 -15.149331404506501 -0.16425439465263728 -0.019716934754520164 0.003924656559339614
0.4400000000000001 -0.8437642994841058 -53.27714628887166 -15.148896892772234 -0.16418321239414063 -0.01967024018067657 0.003915369687547476
0.46000000000000013 -0.8420013415081866 -53.27790766619328 -15.148445596013723 -0.16410955008761227 -0.01962450695458723 0.003905950619997799
0.48000000000000015 -0.8402471679450954 -53.27869809232895 -15.147977430174198 -0.16403340091079707 -0.019579504608510052 0.0038964232916253606
0.5000000000000001 -0.8384949926653104 -53.279517488552294 -15.147492330477666 -0.16395475289896802 -0.019535023164758983 0.0038868046807416946
0.5200000000000001 -0.8367388075834574 -53.28036577242109 -15.146990252077268 -0.16387359212900043 -0.019490873168234186 0.0038771061069184376
0.5400000000000001 -0.8349732985892785 -53.28124285379673 -15.14647116991654 -0.16378990482496802 -0.019446884832093916 0.0038673343245035404
0.5600000000000002 -0.833193768977648 -53.28214863234957 -15.14593507810231 -0.16370367870474925 -0.019402906719518023 0.0038574924400276555
0.5800000000000002 -0.8313960704453643 -53.283082996085504 -15.145381988993336 -0.1636149037983316 -0.01935880422105222 0.003847580678748677
0.6000000000000002 -0.8295765413250462 -53.28404582056676 -15.144811932141105 -0.16352357290501077 -0.019314457983508882 0.003837597022548425
0.6200000000000002 -0.8277319515345034 -53.285036968598384 -15.144224953173737 -0.16342968180701958 -0.019269762380191163 0.0038275377385233096
0.6400000000000002 -0.8258594536481173 -53.28605629021969 -15.143621112680767 -0.1633332293231739 -0.01922462407055342 0.003817397814988426
0.6600000000000003 -0.8239565394840572 -53.28710362289202 -15.143000485135152 -0.16323421725955944 -0.019178960672705008 0.0038071713192749136
0.6800000000000003 -0.8220210016306234 -53.28817879180712 -15.142363157873518 -0.1631326502980748 -0.019132699556225062 0.0037968516896396296
0.7000000000000003 -0.8200508993689704 -53.2892816102638 -15.141709230145855 -0.16302853584915478 -0.0190857767546969 0.003786431971812267
0.7200000000000003 -0.8180445285036865 -53.29041188008007 -15.141038812239099 -0.16292188388696516 -0.01903813599170605 0.003775905009147174
0.7400000000000003 -0.8160003946581483 -53.29156939201705 -15.140352024674797 -0.16281270677934467 -0.018989727812424792 0.003765263594008381
0.7600000000000003 -0.8139171896367243 -53.29275392620083 -15.139648997478636 -0.16270101911957588 -0.018940508811207322 0.0037545005868630443
0.7800000000000004 -0.8117937705035794 -53.293965252532345 -15.138929869517582 -0.16258683756487852 -0.01889044094610068 0.0037436090085697176
0.8000000000000004 -0.8096291410636575 -53.29520313108089 -15.13819478790003 -0.16247018068447386 -0.018839490931017666 0.0037325821105039132
0.8200000000000004 -0.8074224354686292 -53.296467312457814 -15.13744390743386 -0.16235106881835948 -0.018787629697536837 0.003721413426440272
0.8400000000000004 -0.8051729037034413 -53.29775753816948 -15.136677390137068 -0.16222952394698922 -0.01873483191832918 0.003710096809494537
0.8600000000000004 -0.8028798987352206 -53.29907354094987 -15.135895404795988 -0.16210556957229597 -0.018681075585317033 0.003698626456904067
0.8800000000000004 -0.8005428651327234 -53.300415045072405 -15.135098126566469 -0.16197923060907102 -0.018626341636489498 0.0036869969249782313
0.9000000000000005 -0.7981613289886843 -53.30178176664313 -15.134285736613325 -0.16185053328690402 -0.01857061362562233 0.0036752031361698533
0.9200000000000005 -0.7957348889915059 -53.303173413875875 -15.133458421784276 -0.16171950506043117 -0.018513877430174026 0.003663240379898054
0.9400000000000005 -0.7932632085175706 -53.304589687350926 -15.132616374314365 -0.16158617452892826 -0.018456120992579497 0.003651104308476477
0.9600000000000005 -0.7907460086244686 -53.30603028025852 -15.131759791557633 -0.16145057136321786 -0.018397334091584092 0.0036387909292722232
0.9800000000000005 -0.7881830618426622 -53.30749487862857 -15.130888875743082 -0.16131272623934298 -0.018337508139714215 0.003626296594023111
1.0000000000000004 -0.7855741866730109 -53.30898316154799 -15.13000383375193 -0.16117267077890265 -0.018276636004037256 0.0036136179860764956
1.0200000000000005 -0.7829192427113506 -53.31049480136664 -15.129104876914003 -0.16103043749455523 -0.018214711847520784 0.0036007521061731506
1.0400000000000005 -0.7802181263250098 -53.31202946389312 -15.128192220820802 -0.160886059740934 -0.018151730988720624 0.003587696257283398
1.0600000000000005 -0.777470766820469 -53.31358680858131 -15.127266085153533 -0.16073957166960165 -0.018087689777285053 0.0035744480289036313
1.0800000000000005 -0.7746771230466565 -53.315166488709025 -15.126326693524176 -0.160591008188409 -0.01802258548400853 0.0035610052811394276
1.1000000000000005 -0.7718371803802954 -53.31676815154903 -15.12537427332812 -0.1604404049237985 -0.01795641620320132 0.0035473661288345218
1.1200000000000006 -0.7689509480545085 -53.31839143853394 -15.12440905560695 -0.1602877981868886 -0.017889180766476182 0.003533528925944127
1.1400000000000006 -0.7660184567873795 -53.32003598541482 -15.123431274920165 -0.16013322494177373 -0.01782087866611137 0.003519492250309272
1.1600000000000006 -0.7630397566789403 -53.321701422415025 -15.122441169224826 -0.15997672277665884 -0.017751509987440822 0.0035052548889442153
1.1800000000000006 -0.7600149153449094 -53.3233873743791 -15.121438979761976 -0.15981832987670777 -0.01768107534865853 0.00349081582392171
1.2000000000000006 -0.7569440162604142 -53.32509346091808 -15.120424950949129 -0.15965808499934295 -0.01760957584769454 0.00347617421891218
1.2200000000000006 -0.7538271572887852 -53.3268192965507 -15.119399330278036 -0.1594960274509408 -0.017537013015071646 0.0034613294064124236
1.2400000000000007 -0.7506644493764857 -53.32856449084189 -15.118362368217044 -0.15933219706480709 -0.01746338877202464 0.003446280875682618
1.2600000000000007 -0.7474560153938463 -53.330328648538114 -15.117314318117385 -0.1591666341809314 -0.017388705393465702 0.00343102826139661
1.2800000000000007 -0.7442019891043943 -53.33211136970043 -15.116255436123016 -0.1589993796264233 -0.017312965475109583 0.003415571333000411
1.3000000000000007 -0.7409025142499615 -53.333912249835585 -15.115185981083371 -0.15883047469745498 -0.01723617190429867 0.0033999099847645334
1.3200000000000007 -0.737557743737136 -53.33573088002483 -15.114106214468768 -0.15865996114145856 -0.01715832783416507 0.0033840442265104975
1.3400000000000007 -0.7341678389137761 -53.33756684705159 -15.113016400287972 -0.15848788114070342 -0.017079436660562823 0.0033679741749868173
1.3600000000000008 -0.7307329689258758 -53.33941973352731 -15.111916805007741 -0.15831427729616854 -0.016999502001868633 0.003351700045866394
1.3800000000000008 -0.7272533101445944 -53.3412891180163 -15.110807697473852 -0.158139192612204 -0.016918527680686836 0.0033352221463352457
1.4000000000000008 -0.7237290456571703 -53.34317457515978 -15.109689348833689 -0.15796267048146442 -0.01683651770788716 0.0033185408682411314
1.4200000000000008 -0.7201603648122735 -53.345075675798334 -15.108562032459739 -0.15778475467069666 -0.01675347626830756 0.0033016566817698125
1.4400000000000008 -0.7165474628157936 -53.34699198709456 -15.107426023874288 -0.15760548930645743 -0.016669407708021965 0.0032845701296170798
1.4600000000000009 -0.7128905403704822 -53.34892307265417 -15.106281600674732 -0.15742491886153495 -0.016584316522993702 0.003267281821624329
1.4800000000000009 -0.7091898033530644 -53.35086849264743 -15.105129042459629 -0.15724308814133847 -0.016498207349162294 0.003249792429847786
1.5000000000000009 -0.7054454625277655 -53.35282780392949 -15.103968630755226 -0.1570600422708276 -0.016411084953349916 0.0032321026840296
1.520000000000001 -0.7016577332885988 -53.35480056016061 -15.10280064894237 -0.15687582668145536 -0.016322954225327688 0.003214213367443662
1.540000000000001 -0.697826835429753 -53.356786311926314 -15.101625382183798 -0.15669048709844982 -0.01623382017074764 0.0031961253130872976
1.560000000000001 -0.6939529929399482 -53.358784606857064 -15.100443117351618 -0.15650406952797838 -0.016143687904724032 0.0031778394001936374
1.580000000000001 -0.6900364338173197 -53.36079498974784 -15.099254142954877 -0.1563166202448621 -0.016052562646218946 0.0031593565510390728
1.600000000000001 -0.6860773899045984 -53.362817002677716 -15.09805874906739 -0.1561281857799355 -0.015960449712932756 0.0031406777280230474
1.620000000000001 -0.6820760967392309 -53.36485018512931 -15.096857227255454 -0.15593881290784664 -0.01586735451678239 0.0031218039309985667
1.640000000000001 -0.6780327934194688 -53.36689407410805 -15.095649870505651 -0.1557485486346904 -0.01577328255982809 0.0031027361948316318
1.660000000000001 -0.673947722484088 -53.368948204261685 -15.094436973152582 -0.15555744018591752 -0.01567823943065578 0.003083475587172299
1.680000000000001 -0.6698211298019159 -53.3710121079995 -15.093218830806538 -0.15536553499421105 -0.015582230801057084 0.0030640232064188754
1.700000000000001 -0.6656532644741564 -53.37308531561187 -15.091995740281162 -0.15517288068722698 -0.015485262423030093 0.003044380179857854
1.720000000000001 -0.6614443787431791 -53.375167355389685 -15.090767999520883 -0.15497952507558205 -0.015387340126226485 0.003024547661966739
1.740000000000001 -0.6571947279120789 -53.37725775374373 -15.089535907528317 -0.15478551614083072 -0.015288469815471472 0.0030045268328627193
1.7600000000000011 -0.6529045702693598 -53.37935603532438 -15.08829976429153 -0.15459090202340536 -0.015188657468596038 0.0029843188968869333
1.7800000000000011 -0.6485741670208718 -53.38146172314096 -15.087059870711142 -0.1543957310105806 -0.015087909134417574 0.002963925081310767
1.8000000000000012 -0.6442037822278092 -53.38357433868163 -15.085816528527332 -0.1542000515243541 -0.01498623093098862 0.0029433466351534553
1.8200000000000012 -0.6397936827486608 -53.38569340203305 -15.084570040246678 -0.15400391210956926 -0.014883629043951654 0.002922584828101454
1.8400000000000012 -0.6353441381858191 -53.3878184319998 -15.08332070906884 -0.15380736142189452 -0.014780109725015719 0.0029016409495199033
1.8600000000000012 -0.6308554208376453 -53.389948946224585 -15.082068838813216 -0.15361044821558087 -0.014675679290494922 0.002880516307547555
1.8800000000000012 -0.6263278056513141 -53.3920844613078 -15.080814733845337 -0.15341322133174262 -0.014570344120192563 0.002859212228268176
1.9000000000000012 -0.6217615701807595 -53.39422449292725 -15.079558699003243 -0.15321572968611724 -0.014464110656052222 0.0028377300549504176
1.9200000000000013 -0.617156994546931 -53.3963685559583 -15.078301039523742 -0.15301802225716218 -0.014356985401200655 0.002816071147350322
1.9400000000000013 -0.6125143613997268 -53.39851616459321 -15.07704206096854 -0.1528201480739371 -0.01424897491882313 0.0027942368810703346
1.9600000000000013 -0.6078339558823442 -53.40066683246136 -15.075782069150254 -0.15262215620414293 -0.014140085831262054 0.0027722286469697753
1.9800000000000013 -0.6031160655983879 -53.40282007274871 -15.074521370058537 -0.15242409574202204 -0.0140303248190897 0.0027500478506210678
2.0000000000000013 -0.5983609805791928 -53.40497539831754 -15.073260269785896 -0.15222601579637318 -0.013919698620309298 0.0027276959118084985
2.0200000000000014 -0.5935689932530765 -53.407132321826026 -15.071999074453611 -0.15202796547862257 -0.013808214029493069 0.0027051742640643033
2.0400000000000014 -0.5887403984167847 -53.40929035584777 -15.070738090137693 -0.1518299938905352 -0.013695877897035847 0.0026824843542392384
2.0600000000000014 -0.5838754932065833 -53.41144901299109 -15.069477622794608 -0.15163215011244638 -0.013582697128487241 0.0026596276421036887
2.0800000000000014 -0.5789745770710595 -53.4136078060184 -15.068217978187258 -0.15143448319125052 -0.013468678683792147 0.002636605599977095
2.1000000000000014 -0.5740379517451195 -53.41576624796508 -15.066959461810828 -0.15123704212811245 -0.013353829576586415 0.0026134197123818025
2.1200000000000014 -0.5690659212237669 -53.41792385225842 -15.065702378818715 -0.15103987586682024 -0.013238156873690501 0.002590071475720034
2.1400000000000015 -0.5640587917376291 -53.42008013283643 -15.064447033948527 -0.15084303328154838 -0.01312166769428749 0.002566562397970936
2.1600000000000015 -0.5590168717276977 -53.4222346042661 -15.06319373144811 -0.1506465631651476 -0.0130043692095353 0.002542893998406121
2.1800000000000015 -0.5539404718222347 -53.424386781861614 -15.06194277500177 -0.1504505142169341 -0.012886268641773514 0.0025190678073214474
2.2000000000000015 -0.548829904812338 -53.42653618180243 -15.060694467656482 -0.15025493503096674 -0.012767373264083365 0.002495085365783873
2.2200000000000015 -0.5436854856294829 -53.42868232125069 -15.05944911174833 -0.1500598740839468 -0.012647690399621067 0.0024709482253914704
2.2400000000000015 -0.5385075313218237 -53.43082471846856 -15.058207008829019 -0.14986537972369005 -0.012527227421137588 0.002446657948045294
2.2600000000000016 -0.533296361032263 -53.4329628929352 -15.05696845959259 -0.14967150015689873 -0.012405991750421716 0.0024222161057324246
2.2800000000000016 -0.5280522959753392 -53.435096365463345 -15.055733763802357 -0.14947828343760444 -0.012283990857686482 0.0023976242803180727
2.3000000000000016 -0.5227756594154658 -53.43722465831535 -15.054503220217956 -0.14928577745525487 -0.012161232261095566 0.0023728840633466487
2.3200000000000016 -0.5174667766442677 -53.43934729531898 -15.05327712652271 -0.1490940299230335 -0.012037723526258547 0.0023479970558506506
2.3400000000000016 -0.5121259749590346 -53.44146380198276 -15.052055779251166 -0.1489030883662625 -0.011913472265598263 0.0023229648681659214
2.3600000000000017 -0.5067535836404677 -53.44357370561059 -15.050839473716918 -0.14871300011047367 -0.011788486137950107 0.0022977891197538767
2.3800000000000017 -0.5013499339311119 -53.44567653541626 -15.04962850394072 -0.1485238122701553 -0.011662772847971396 0.002272471439028685
2.4000000000000017 -0.49591535901331363 -53.447771822637094 -15.048423162578906 -0.14833557173690406 -0.011536340145634972 0.002247013463189754
2.4200000000000017 -0.4904501939872128 -53.44985910064709 -15.047223740852045 -0.1481483251680084 -0.011409195825728625 0.0022214168380583314
2.4400000000000017 -0.4849547758497945 -53.45193790506974 -15.04603052847405 -0.1479621189751331 -0.011281347727291596 0.0021956832179182042
2.4600000000000017 -0.47942944347201066 -53.454007773890005 -15.044843813581537 -0.147776999312713 -0.011152803733157468 0.0021698142653601474
2.4800000000000018 -0.4738745375782164 -53.45606824756558 -15.04366388266356 -0.14759301206673478 -0.011023571769475219 0.0021438116511289006
2.5000000000000018 -0.46829040072309686 -53.45811886913777 -15.042491020491882 -0.14741020284343445 -0.010893659805048403 0.002117677053973703
2.520000000000002 -0.46267737727112984 -53.46015918434161 -15.04132551005139 -0.1472286169581782 -0.010763075850988601 0.0020914121605004037
2.540000000000002 -0.4570358133735086 -53.462188741715075 -15.040167632471187 -0.14704829942417663 -0.010631827960081702 0.002065018665026944
2.560000000000002 -0.4513660569473707 -53.46420709270774 -15.039017666956 -0.1468692949415727 -0.010499924226329999 0.002038498269439339
2.580000000000002 -0.4456684576529809 -53.466213791788725 -15.037875890718006 -0.1466916478862889 -0.010367372784470611 0.0020118526830509315
2.600000000000002 -0.43994336687219354 -53.46820839655367 -15.036742578909243 -0.14651540229934526 -0.010234181809326766 0.0019850836224618394
2.620000000000002 -0.43419113768664963 -53.470190467831095 -15.035618004554474 -0.14634060187580492 -0.010100359515455425 0.0019581928114206807
2.640000000000002 -0.4284121248542873 -53.4721595697879 -15.034502438484527 -0.14616728995413988 -0.009965914156510785 0.0019311819806871202
2.660000000000002 -0.4226066847891783 -53.47411527003376 -15.033396149270207 -0.14599550950559634 -0.009830854024762513 0.0019040528678954138
2.680000000000002 -0.4167751755378091 -53.47605713972493 -15.032299403156728 -0.1458253031235108 -0.009695187450579327 0.00187680721741903
2.700000000000002 -0.4109179567571271 -53.477984753667116 -15.031212463998717 -0.1456567130129603 -0.009558922801944578 0.0018494467802362372
2.720000000000002 -0.4050353896924557 -53.47989769041728 -15.030135593195785 -0.14548978098025644 -0.00942206848381233 0.0018219733137960531
2.740000000000002 -0.39912783715425826 -53.48179553238443 -15.029069049628738 -0.14532454842277368 -0.009284632937739503 0.0017943885818849895
2.760000000000002 -0.39319566349671387 -53.48367786592987 -15.028013089596309 -0.14516105631862955 -0.009146624641211624 0.0017666943544945338
2.780000000000002 -0.3872392345940901 -53.485544281465735 -15.026967966752649 -0.1449993452167729 -0.009008052107204855 0.0017388924076890393
2.800000000000002 -0.3812589178186245 -53.487394373553144 -15.02593393204529 -0.14483945522680058 -0.008868923883646065 0.001710984523473821
2.820000000000002 -0.3752550820171194 -53.489227740999105 -15.024911233653974 -0.14468142600911948 -0.008729248552818102 0.0016829724896638674
2.840000000000002 -0.3692280974890376 -53.49104398695202 -15.023900116929928 -0.14452529676533427 -0.00858903473092074 0.0016548580997528496
2.860000000000002 -0.36317833596287685 -53.49284271899673 -15.022900824336036 -0.14437110622845686 -0.008448291067430197 0.0016266431527823442
2.880000000000002 -0.35710617057324423 -53.4946235492477 -15.021913595387606 -0.14421889265337073 -0.008307026244693566 0.001598329453211775
2.900000000000002 -0.3510119758375677 -53.49638609444177 -15.020938666593821 -0.14406869380735665 -0.008165248977213957 0.0015699188107875786
2.920000000000002 -0.3448961276336424 -53.49812997602935 -15.019976271400061 -0.14392054696098705 -0.008022968011297359 0.0015414130404132584
2.940000000000002 -0.33875900317583074 -53.49985482026422 -15.01902664013086 -0.1437744888786933 -0.007880192124336188 0.0015128139620201818
2.960000000000002 -0.3326009809917159 -53.501560258292876 -15.018089999933666 -0.143630555809877 -0.007736930124375763 0.0014841234004373727
2.980000000000002 -0.3264224408989988 -53.50324592624183 -15.01716657472335 -0.14348878347986443 -0.007593190849571862 0.0014553431852619883
3.000000000000002 -0.32022376398153474 -53.50491146530406 -15.016256585127602 -0.14334920708121385 -0.0074489831675795355 0.0014264751507301193
3.0200000000000022 -0.31400533256661123 -53.50655652182429 -15.01536024843299 -0.14321186126490013 -0.007304315975010524 0.0013975211355875248
3.0400000000000023 -0.30776753020052583 -53.50818074738271 -15.014477778531958 -0.14307678013182526 -0.0071591981969110876 0.0013684829829604473
3.0600000000000023 -0.30151074162550323 -53.50978379887757 -15.013609385870568 -0.14294399722456133 -0.007013638786253617 0.0013393625402265332
3.0800000000000023 -0.29523535275504237 -53.51136533860619 -15.012755277397218 -0.14281354551878037 -0.0068676467232433765 0.0013101616588861026
3.1000000000000023 -0.2889417506514315 -53.512925034345244 -15.011915656512047 -0.14268545741533048 -0.006721231014924028 0.0012808821944330728
3.1200000000000023 -0.2826303235009349 -53.5144625594287 -15.011090723017313 -0.14255976473227827 -0.006574400694487909 0.001251526006226389
3.1400000000000023 -0.27630146058997596 -53.515977592825365 -15.010280673068689 -0.14243649869686273 -0.006427164820795829 0.0012220949573617133
3.1600000000000024 -0.26995555228082924 -53.51746981921441 -15.009485699127362 -0.14231568993791394 -0.006279532477807457 0.0011925909145424386
3.1800000000000024 -0.26359298998826314 -53.51893892905958 -15.008705989913086 -0.1421973684783737 -0.0061315127739302675 0.0011630157479516486
3.2000000000000024 -0.2572141661550086 -53.520384618682044 -15.007941730358198 -0.14208156372769978 -0.005983114841619247 0.001133371331123507
3.2200000000000024 -0.25081947422741224 -53.521806590331906 -15.00719310156246 -0.141968304474759 -0.00583434783664404 0.0011036595408155188
3.2400000000000024 -0.24440930863152893 -53.52320455225786 -15.00646028074895 -0.1418576188806421 -0.005685220937643235 0.0010738822568804964
3.2600000000000025 -0.23798406474748326 -53.52457821877586 -15.00574344122084 -0.14174953447168726 -0.005535743345514521 0.0010440413621382442
3.2800000000000025 -0.231544138887507 -53.52592731033589 -15.00504275231919 -0.14164407813285013 -0.005385924282828578 0.0010141387422477224
3.3000000000000025 -0.22508992826930588 -53.527251553587135 -15.004358379381655 -0.14154127610092324 -0.005235772993233036 0.0009841762855800522
3.3200000000000025 -0.2186218309927747 -53.5285506814421 -15.00369048370224 -0.14144115395793586 -0.005085298740965125 0.0009541558830903996
3.3400000000000025 -0.21214024601422954 -53.529824433138764 -15.003039222492006 -0.14134373662522753 -0.00493451081023997 0.0009240794281909392
3.3600000000000025 -0.20564557312366888 -53.53107255430123 -15.002404748840814 -0.14124904835688368 -0.00478341850461703 0.0008939488166234275
3.3800000000000026 -0.1991382129180618 -53.53229479699887 -15.001787211680035 -0.1411571127339311 -0.004632031146513709 0.0008637659463323847
3.4000000000000026 -0.19261856677848146 -53.53349091980392 -15.001186755746357 -0.1410679526585883 -0.0044803580765644235 0.0008335327173379348
3.4200000000000026 -0.18608703684341896 -53.53466068784716 -15.000603521546614 -0.1409815903484342 -0.00432840865309136 0.000803251031609541
3.4400000000000026 -0.1795440259859185 -53.53580387287236 -15.000037645323518 -0.14089804733106753 -0.004176192251473204 0.0007729227929391155
3.4600000000000026 -0.17298993778738453 -53.53692025328881 -14.99948925902266 -0.140817344438659 -0.004023718263637841 0.0007425499068147449
3.4800000000000026 -0.16642517651334948 -53.538009614222425 -14.998958490260426 -0.14073950180287545 -0.0038709960973755267 0.0007121342802948851
3.5000000000000027 -0.15985014708833617 -53.53907174756489 -14.998445462293025 -0.1406645388499824 -0.0037180351758943127 0.0006816778218821631
3.5200000000000027 -0.1532652550701592 -53.54010645202132 -14.99795029398657 -0.14059247429586028 -0.0035648449370882284 0.0006511824413978376
3.5400000000000027 -0.14667090662682736 -53.54111353315629 -14.997473099788264 -0.14052332614157045 -0.00341143483304927 0.0006206500498561805
3.5600000000000027 -0.1400675085091864 -53.54209280343803 -14.997013989698686 -0.14045711166869027 -0.0032578143294749668 0.0005900825593395443
3.5800000000000027 -0.13345546802777838 -53.543044082280815 -14.996573069245104 -0.14039384743521294 -0.0031039929050382786 0.0005594818828730632
3.6000000000000028 -0.12683519302619145 -53.54396719608602 -14.996150439455981 -0.14033354927151703 -0.00294998005087653 0.0005288499343002414
3.6200000000000028 -0.12020709185686221 -53.544861978281006 -14.995746196836564 -0.14027623227617467 -0.0027957852699206096 0.0004981886281584849
3.640000000000003 -0.11357157335558847 -53.545728269356566 -14.995360433345525 -0.14022191081246826 -0.0026414180763593784 0.0004674998795544994
3.660000000000003 -0.10692904681656322 -53.5465659169024 -14.994993236372835 -0.14017059850471533 -0.0024868879949985706 0.0004367856040409084
3.680000000000003 -0.10027992196621278 -53.54737477564105 -14.994644688718605 -0.14012230823496416 -0.0023322045607481285 0.00040604771749237507
3.700000000000003 -0.09362460893920768 -53.54815470745987 -14.994314868573293 -0.1400770521396931 -0.0021773773179981923 0.00037528813598215445
3.720000000000003 -0.08696351825254361 -53.54890558144146 -14.994003849498755 -0.14003484160696417 -0.0020224158200093613 0.0003445087756593385
3.740000000000003 -0.08029706077986326 -53.54962727389204 -14.993711700410747 -0.139995687273475 -0.001867329628313935 0.00031371155262609304
3.760000000000003 -0.07362564772695797 -53.55031966836818 -14.99343848556227 -0.13995959902197405 -0.001712128312185506 0.00028289838281513985
3.780000000000003 -0.06694969060538922 -53.55098265570185 -14.993184264528331 -0.1399265859788886 -0.0015568214479785452 0.0002520711818678416
3.800000000000003 -0.06026960120793852 -53.551616134023426 -14.992949092191688 -0.13989665651183575 -0.0014014186185809159 0.00022123186501226983
3.820000000000003 -0.05358579158320963 -53.55222000878319 -14.992733018729826 -0.13986981822779995 -0.0012459294128140596 0.00019038234694203072
3.840000000000003 -0.04689867400966616 -53.55279419277046 -14.992536089602998 -0.139846077971146 -0.0010903634248171454 0.00015952454169520098
3.860000000000003 -0.04020866096991972 -53.553338606131874 -14.992358345543659 -0.13982544182183507 -0.0009347302534679197 0.0001286617172029063
3.880000000000003 -0.033516165277465954 -53.553853176398434 -14.992199822540853 -0.1398079151171768 -0.0007790394901623083 9.780474262752789e-05
3.900000000000003 -0.02682160087617058 -53.554337838553316 -14.99206055181004 -0.13979350256166956 -0.0006233006596989503 6.693791708399455e-05
3.920000000000003 -0.02012537972470165 -53.55479253474085 -14.99194055996243 -0.13978220766348362 -0.00046752348703953323 3.606637728507821e-05
3.940000000000003 -0.013427914394413846 -53.55521721469346 -14.991839868704208 -0.13977403344162972 -0.0003117188784953604 5.1939325803104905e-06
3.960000000000003 -0.006730474377314567 -53.5556118355622 -14.991758494958804 -0.13976898215490133 -0.00015589604052317313 -2.5676400885415212e-05
3.980000000000003 -3.221771834636955e-05 -53.555976354093936 -14.991696454852889 -0.1397670510142824 -6.923201812720657e-08 -5.65416089638834e-05
4.000000000000003 0.006666606174909129 -53.55631075146975 -14.991653749687206 -0.1397682476852239 0.00015575729922124117 -8.739970714922128e-05
4.020000000000002 0.013365314322734998 -53.55661501151069 -14.991630380394136 -0.13977257288680395 0.0003115788736792346 -0.00011824893018267437
4.040000000000002 0.020063337653114462 -53.556889120212624 -14.99162634640837 -0.13978002353232508 0.00046738643909457263 -0.000149087422042447
4.060000000000001 0.026760174208609877 -53.55713307020097 -14.991641642404133 -0.13979059666188526 0.0006231693698193637 -0.0001799132827002169
4.080000000000001 0.03345536163452478 -53.55734686165292 -14.991676257866441 -0.1398042893820178 0.0007789166863029568 -0.0002107245929328844
4.1000000000000005 0.040148460860306455 -53.557530502489044 -14.991730177126518 -0.13982109847819296 0.000934617540143822 -0.0002415194278197688
4.12 0.046839046411340096 -53.55768400837734 -14.991803379458558 -0.13984102015786662 0.0010902613629001612 -0.00027229586393851977
4.14 0.05352670067355024 -53.55780740268099 -14.99189583916911 -0.13986404991561655 0.0012458378714490224 -0.0003030519829939854
4.159999999999999 0.06021101051601139 -53.55790071639126 -14.992007525669734 -0.13989018247101556 0.0014013370217395105 -0.00033378587344709657
4.179999999999999 0.06689156531593221 -53.557963988061175 -14.992138403534062 -0.13991941174594957 0.0015567489518673462 -0.0003644956310508563
4.199999999999998 0.07356795582186279 -53.557997263745605 -14.992288432542457 -0.13995173086068438 0.0017120639310295417 -0.00039517935881402396
4.219999999999998 0.08023977350932143 -53.55800059694872 -14.992457567717516 -0.13998713213866315 0.0018672723191200907 -0.00042583516669092317
4.2399999999999975 0.08690661023349716 -53.55797404857897 -14.992645759353069 -0.1400256071144921 0.002022364536967459 -0.0004564611711633044
4.259999999999997 0.09356805805027335 -53.55791768690909 -14.992852953038485 -0.140067146542859 0.0021773310457318027 -0.0004870554948048026
4.279999999999997 0.10022370914049497 -53.55783158754026 -14.99307908968038 -0.14011174040622895 0.0023321623328094814 -0.0005176162658729032
4.299999999999996 0.10687315579030035 -53.55771583336914 -14.993324105522477 -0.14015937792235997 0.0024868489030756046 -0.0005481416179521249
4.319999999999996 0.11351599040473588 -53.557570514556225 -14.993587932164667 -0.14021004755064426 0.002641381273288813 -0.0005786296896530951
4.339999999999995 0.12015180553948779 -53.557395728495145 -14.993870496581977 -0.14026373699747646 0.0027957499690821792 -0.0006090786243701474
4.359999999999995 0.12678019393968856 -53.5571915797816 -14.994171721143664 -0.14032043322133214 0.0029499455233697727 -0.0006394865700924922
4.379999999999995 0.1334007485858153 -53.556958180182036 -14.994491523632929 -0.14038012243754372 0.0031039584758154903 -0.0006698516792627469
4.399999999999994 0.14001306273773145 -53.55669564860123 -14.994829817267457 -0.14044279012239555 0.003257779372947742 -0.0007001721086797898
4.419999999999994 0.146616729980874 -53.55640411104881 -14.99518651072068 -0.1405084210172345 0.0034113987687060185 -0.0007304460194365132
4.439999999999993 0.15321134427000527 -53.55608370060441 -14.995561508144206 -0.14057699913300833 0.003564807225003441 -0.0007606715768901516
4.459999999999993 0.15979649997176365 -53.55573455738107 -14.99595470919132 -0.14064850775394058 0.0037179953127906887 -0.0007908469506588379
4.479999999999992 0.16637179190561266 -53.55535682848756 -14.996366009041475 -0.14072292944203918 0.00387095361274733 -0.0008209703146403357
4.499999999999992 0.17293681538340994 -53.55495066798848 -14.99679529842598 -0.14080024604128827 0.004023672716318848 -0.0008510398470493156
4.519999999999992 0.1794911662476963 -53.554516236863094 -14.997242463654738 -0.14088043868222822 0.004176143226635433 -0.0008810537304701926
4.539999999999991 0.186034440906701 -53.554053702962385 -14.99770738664433 -0.14096348778635917 0.0043283557593892736 -0.0009110101519224816
4.559999999999991 0.19256623637158718 -53.55356324096423 -14.998189944946944 -0.14104937307111162 0.004480300943678979 -0.0009409073029361568
4.57999999999999 0.19908615028860066 -53.553045032327134 -14.99869001178064 -0.14113807355451727 0.004631969422949274 -0.0009707433796360475
4.59999999999999 0.20559378097322534 -53.55249926524197 -14.999207456060606 -0.14122956756054142 0.0047833518557083 -0.0010005165828319707
4.6199999999999894 0.21208872744126894 -53.551926134582516 -14.999742142431638 -0.1413238327242206 0.004934438916437476 -0.0010302251181150352
4.639999999999989 0.21857058944109564 -53.551325841853576 -15.000293931301595 -0.14142084599701296 0.0050852212962877045 -0.0010598671959568212
4.659999999999989 0.22503896748249444 -53.55069859513824 -15.000862678875995 -0.14152058365263193 0.0052356897038378595 -0.0010894410318129262
4.679999999999988 0.23149346286734687 -53.550044609043 -15.001448237193724 -0.14162302129260812 0.00538583486589361 -0.0011189448462274915
4.699999999999988 0.23793367771918733 -53.5493641046412 -15.0020504541637 -0.14172813385234395 0.005535647528117664 -0.0011483768649402108
4.719999999999987 0.24435921500997307 -53.54865730941528 -15.002669173602662 -0.14183589560723525 0.005685118455787903 -0.0011777353189941307
4.739999999999987 0.2507696785901079 -53.547924457197034 -15.003304235274001 -0.1419462801789113 0.005834238434446657 -0.0012070184448432554
4.7599999999999865 0.2571646732139855 -53.54716578810639 -15.003955474927546 -0.14205926054167708 0.005982998270580652 -0.0012362244844615208
4.779999999999986 0.26354380456913623 -53.54638154848888 -15.004622724340372 -0.1421748090292659 0.006131388792241497 -0.001265351685450201
4.799999999999986 0.2699066793009263 -53.545571990851045 -15.005305811358719 -0.14229289734143336 0.006279400849799836 -0.0012943983011466632
4.819999999999985 0.276252905041358 -53.544737373794895 -15.006004559940733 -0.14241349655102778 0.006427025316392235 -0.0013233625907301118
4.839999999999985 0.2825820904325945 -53.54387796195033 -15.006718790200292 -0.14253657711107318 0.006574253088750545 -0.0013522428193294338
4.859999999999984 0.28889384515489613 -53.54299402590657 -15.007448318451752 -0.14266210886186137 0.006721075087673515 -0.0013810372581274893
4.879999999999984 0.2951877799512868 -53.542085842141674 -15.008192957255591 -0.14279006103868025 0.0068674822586730876 -0.0014097441844661053
4.8999999999999835 0.30146350665316807 -53.54115369295088 -15.008952515465117 -0.14292040227904612 0.0070134655725990905 -0.0014383618819498267
4.919999999999983 0.3077206382053061 -53.54019786637344 -15.009726798273975 -0.14305310063062582 0.007159016026245715 -0.0014668886405478868
4.939999999999983 0.3139587886907772 -53.539218656117974 -15.010515607264619 -0.14318812355898927 0.007304124642860534 -0.0014953227566955665
4.959999999999982 0.3201775733558415 -53.538216361486555 -15.01131874045768 -0.1433254379556599 0.007448782472855657 -0.0015236625333945198
4.979999999999982 0.3263766086338043 -53.53719128729724 -15.012135992362209 -0.143465010146277 0.007592980594288803 -0.001551906280311606
4.999999999999981 0.33255551217108814 -53.53614374380547 -15.01296715402676 -0.14360680589874067 0.00773671011340051 -0.0015800523138762676
5.019999999999981 0.3387139028501072 -53.53507404662395 -15.013812013091407 -0.14375079043186142 0.007879962165340973 -0.0016080989573781467
5.0399999999999805 0.3448514008132973 -53.53398251664125 -15.014670353840518 -0.14389692842379684 0.008022727914610164 -0.0016360445410621921
5.05999999999998 0.3509676274878881 -53.532869479939244 -15.015541957256453 -0.14404518402069594 0.00816499855560896 -0.0016638874022228114
5.07999999999998 0.3570622056089679 -53.53173526770905 -15.016426601073949 -0.1441955208455948 0.008306765313310741 -0.0016916258852979246
5.099999999999979 0.36313475924423544 -53.530580216165966 -15.017324059835431 -0.1443479020074354 0.008448019443688386 -0.0017192583419604246
5.119999999999979 0.3691849138154791 -53.529404666462966 -15.018234104947092 -0.14450229010999005 0.008588752234359493 -0.0017467831312103655
5.139999999999978 0.37521229612478796 -53.528208964603124 -15.019156504735639 -0.14465864726130662 0.008728955005060811 -0.001774198619463957
5.159999999999978 0.3812165343758458 -53.52699346135071 -15.02009102450598 -0.1448169350827464 0.008868619108266756 -0.0018015031806437448
5.1799999999999775 0.3871972581972595 -53.5257585121414 -15.02103742659946 -0.14497711471870794 0.009007735929681907 -0.001828695196266457
5.199999999999977 0.3931540986665313 -53.524504476991005 -15.021995470453 -0.14513914684600832 0.009146296888809961 -0.0018557730555299212
5.219999999999977 0.39908668833314687 -53.52323172040321 -15.022964912658832 -0.14530299168367083 0.009284293439391144 -0.0018827351553993463
5.239999999999976 0.4049946612394457 -53.521940611276484 -15.023945507025003 -0.14546860900282949 0.009421717070139071 -0.0019095799006934814
5.259999999999976 0.4108776529458771 -53.52063152280935 -15.024937004636536 -0.1456359581362816 0.009558559305040482 -0.0019363057041673975
5.279999999999975 0.4167353005523648 -53.519304832405204 -15.02593915391728 -0.14580499798889443 0.00969481170402306 -0.001962910986597461
5.299999999999975 0.42256724272068236 -53.51796092157575 -15.026951700692377 -0.1459756870476222 0.009830465863486902 -0.0019893941768631355
5.3199999999999745 0.42837311969685404 -53.516600175843465 -15.027974388251431 -0.146147983391549 0.009965513416719543 -0.0020157537120292254
5.339999999999974 0.4341525733343392 -53.51522298464322 -15.029006957412243 -0.14632184470250972 0.010099946034544824 -0.0020419880374259298
5.359999999999974 0.43990524711565293 -53.513829741223 -15.030049146585203 -0.14649722827528316 0.010233755425741044 -0.00206809560672959
5.379999999999973 0.4456307861742901 -53.51242084254329 -15.031100691838216 -0.14667409102821105 0.010366933337574531 -0.0020940748820420306
5.399999999999973 0.45132883731617524 -53.51099668917616 -15.032161326962283 -0.14685238951385923 0.01049947155637833 -0.0021199243339687594
5.419999999999972 0.4569990490427397 -53.50955768520291 -15.03323078353753 -0.14703207992963058 0.010631361907957286 -0.002145642441696126
5.439999999999972 0.46264107157199275 -53.50810423811138 -15.034308790999944 -0.1472131181286963 0.010762596258151408 -0.002171227693068491
5.4599999999999715 0.46825455686015127 -53.50663675869188 -15.035395076708491 -0.14739545963061554 0.010893166513345626 -0.002196678584664708
5.479999999999971 0.4738391586232482 -53.50515566093293 -15.03648936601274 -0.14757905963271692 0.011023064620990968 -0.002221993621872644
5.499999999999971 0.4793945323586455 -53.503661361915626 -15.03759138232114 -0.14776387302063396 0.011152282569996267 -0.002247171318964037
5.51999999999997 0.48492033536598667 -53.50215428170778 -15.038700847169634 -0.14794985437994768 0.011280812391361956 -0.002272210199168514
5.53999999999997 0.49041622676856816 -53.50063484325692 -15.039817480290715 -0.14813695800688403 0.011408646158581498 -0.002297108794746357
5.559999999999969 0.49588186753458635 -53.49910347228294 -15.04094099968305 -0.14832513791995774 0.011535775988116555 -0.002321865647060486
5.579999999999969 0.5013169204978131 -53.497560597169894 -15.042071121681431 -0.1485143478711131 0.011662194039993527 -0.0023464793066483958
5.599999999999969 0.5067210503782777 -53.49600664885704 -15.043207561027153 -0.14870454135722547 0.011787892518152708 -0.00237094833329301
5.619999999999968 0.5120939238040971 -53.49444206072966 -15.044350030938826 -0.14889567163146944 0.011912863671009976 -0.0023952712960924162
5.639999999999968 0.5174352093298262 -53.49286726850884 -15.045498243183495 -0.14908769171484812 0.012037099791963102 -0.0024194467735297663
5.659999999999967 0.5227445774594677 -53.49128271014095 -15.04665190814814 -0.1492805544078969 0.012160593219764732 -0.0024434733535413583
5.679999999999967 0.5280217006646426 -53.489688825686706 -15.047810734911588 -0.14947421230218655 0.012283336339062843 -0.0024673496335852092
5.699999999999966 0.5332662534066055 -53.48808605720935 -15.048974431316596 -0.1496686177920217 0.012405321580863944 -0.0024910742207075688
5.719999999999966 0.5384779121549997 -53.48647484866265 -15.05014270404238 -0.14986372308633641 0.012526541423017637 -0.0025146457316102197
5.739999999999966 0.5436563554087592 -53.48485564577844 -15.05131525867735 -0.1500594802201754 0.012646988390646851 -0.0025380627927158806
5.759999999999965 0.5488012637147025 -53.48322889595361 -15.052491799792143 -0.1502558410668305 0.012766655056569645 -0.002561324040233845
5.779999999999965 0.5539123196894273 -53.48159504813671 -15.053672031012855 -0.15045275734951316 0.012885534041866969 -0.0025844281202236233
5.799999999999964 0.5589892080364901 -53.47995455271448 -15.054855655094629 -0.15065018065322758 0.013003618016249819 -0.0026073736886596814
5.819999999999964 0.5640316155669575 -53.47830786139758 -15.056042373995215 -0.15084806243696944 0.013120899698561696 -0.002630159411494332
5.839999999999963 0.5690392312195935 -53.47665542710631 -15.0572318889491 -0.15104635404534636 0.013237371857152343 -0.0026527839647193796
5.859999999999963 0.574011746078078 -53.474997703856005 -15.05842390054138 -0.15124500672077926 0.013353027310435642 -0.0026752460344291666
5.879999999999963 0.5789488533923307 -53.47333514664225 -15.05961810878211 -0.15144397161549356 0.013467858927197346 -0.002697544316880442
5.899999999999962 0.5838502485954206 -53.471668211325635 -15.060814213180677 -0.15164319980355337 0.01358185962718871 -0.002719677518554094
5.919999999999962 0.5887156293230834 -53.4699973545166 -15.062011912820303 -0.15184264229287087 0.013695022381414965 -0.002741644356213713
5.939999999999961 0.5935446954338502 -53.468323033459924 -15.063210906432625 -0.15204225003741859 0.013807340212681861 -0.002763443556964877
5.959999999999961 0.5983371490244381 -53.466645705919156 -15.064410892472397 -0.15224197394910213 0.013918806195907376 -0.0027850738583146913
5.9799999999999605 0.6030926944514379 -53.464965830060905 -15.065611569192251 -0.15244176491010922 0.014029413458692526 -0.0028065340082279217
5.99999999999996 0.6078110383472342 -53.463283864339175 -15.066812634717522 -0.15264157378477994 0.014139155181606685 -0.0028278227651852067
6.01999999999996 0.6124918896393228 -53.46160026737929 -15.068013787121012 -0.15284135143187846 0.014248024598736874 -0.002848938898239119
6.039999999999959 0.6171349595675223 -53.45991549786246 -15.069214724497908 -0.15304104871680826 0.014356014997964085 -0.0028698811870702876
6.059999999999959 0.6217399617027046 -53.45823001440952 -15.070415145040574 -0.15324061652339352 0.014463119721493124 -0.002890648422041837
6.079999999999958 0.6263066119635147 -53.456544275465504 -15.071614747113363 -0.15344000576619843 0.014569332166189079 -0.0029112394042545373
6.099999999999958 0.6308346286343329 -53.4548587391836 -15.072813229327387 -0.15363916740277847 0.01467464578404745 -0.002931652945600482
6.1199999999999575 0.6353237323827119 -53.45317386330979 -15.074010290615202 -0.153838052445426 0.01477905408252401 -0.002951887868816159
6.139999999999957 0.6397736462764412 -53.45149010506714 -15.075205630305456 -0.1540366119734663 0.014882550624987913 -0.0029719430075348936
6.159999999999957 0.6441840958013433 -53.449807921040595 -15.076398948197355 -0.15423479714528818 0.014985129031083537 -0.002991817206338826
6.179999999999956 0.6485548088762492 -53.448127767061635 -15.077589944635102 -0.15443255921044732 0.01508678297719131 -0.0030115093208109554
6.199999999999956 0.6528855158729759 -53.446450098093436 -15.078778320582147 -0.15462984952148232 0.015187506196672902 -0.0030310182175839846
6.219999999999955 0.6571759496295551 -53.44477536811611 -15.079963777695292 -0.1548266195460923 0.015287292480443821 -0.003050342774392324
6.239999999999955 0.6614258454695 -53.443104030012236 -15.081146018398595 -0.1550228208790823 0.015386135677199847 -0.003069481880119889
6.2599999999999545 0.6656349412156486 -53.44143653545264 -15.082324745957127 -0.15521840525421673 0.015484029693861767 -0.003088434434850165
6.279999999999954 0.6698029772086045 -53.43977333478259 -15.083499664550546 -0.15541332455615764 0.015580968495957078 -0.003107199349912692
6.299999999999954 0.6739296963217163 -53.438114876908266 -15.084670479346288 -0.15560753083235107 0.015676946107975914 -0.003125775547931864
6.319999999999953 0.6780148439766056 -53.43646160918371 -15.085836896572744 -0.15580097630481676 0.01577195661369892 -0.0031441619628732385
6.339999999999953 0.682058168159635 -53.43481397729801 -15.086998623591931 -0.15599361338199522 0.015865994156665016 -0.00316235754008991
6.359999999999952 0.6860594194364371 -53.43317242516312 -15.088155368972117 -0.15618539467037226 0.015959052940400523 -0.003180361236367842
6.379999999999952 0.6900183509694809 -53.43153739480196 -15.089306842559923 -0.15637627298618867 0.016051127228876007 -0.003198172019970673
6.3999999999999515 0.693934718529949 -53.4299093262371 -15.090452755552256 -0.15656620136719324 0.016142211346834023 -0.0032157888706851783
6.419999999999951 0.6978082805157306 -53.42828865738007 -15.09159282056785 -0.15675513308407668 0.01623229968009842 -0.00323321077986348
6.439999999999951 0.7016387979653775 -53.42667582392091 -15.092726751718468 -0.15694302165205296 0.01632138667594151 -0.0032504367504669505
6.45999999999995 0.7054260345722341 -53.42507125921859 -15.093854264679722 -0.1571298208423165 0.016409466843465514 -0.0032674657971088162
6.47999999999995 0.7091697566999305 -53.42347539419193 -15.094975076761509 -0.15731548469343784 0.016496534753855104 -0.003284296946096066
6.499999999999949 0.7128697333955712 -53.42188865721109 -15.096088906978041 -0.15749996752269424 0.01658258504080958 -0.0033009292354702403
6.519999999999949 0.7165257364060482 -53.42031147398986 -15.097195476117475 -0.1576832239373297 0.01666761240079684 -0.0033173617150481713
6.5399999999999485 0.7201375401900479 -53.41874426747831 -15.098294506811008 -0.15786520884580776 0.01675161159342762 -0.0033335934464629275
6.559999999999948 0.7237049219328356 -53.41718745775663 -15.099385723601682 -0.15804587746872278 0.016834577441675498 -0.003349623503202216
6.579999999999948 0.7272276615602352 -53.415641461929226 -15.10046885301252 -0.15822518535018004 0.01691650483236535 -0.0033654509706476953
6.599999999999947 0.7307055417519859 -53.414106694019985 -15.101543623614354 -0.15840308836842285 0.016997388716365348 -0.0033810749461132467
6.619999999999947 0.734138347954572 -53.412583564867944 -15.102609766092995 -0.1585795427469039 0.017077224108895964 -0.0033964945388829273
6.639999999999946 0.7375258683958962 -53.411072482024146 -15.103667013315965 -0.1587545050650297 0.017156006089872125 -0.0034117088702473523
6.659999999999946 0.740867894096495 -53.40957384964898 -15.104715100398641 -0.15892793226890156 0.017233729804250277 -0.00342671707354085
6.6799999999999455 0.7441642188842503 -53.40808806841062 -15.105753764769918 -0.15909978168179922 0.017310390462184792 -0.00344151829417679
6.699999999999945 0.7474146394055692 -53.40661553538432 -15.106782746237192 -0.15927001101481825 0.01738598333951373 -0.003456111689683791
6.719999999999945 0.7506189551393978 -53.405156643952516 -15.10780178705078 -0.15943857837743933 0.017460503777845904 -0.003470496429739329
6.739999999999944 0.7537769684078012 -53.403711783706036 -15.108810631967872 -0.15960544228741366 0.017533947185022693 -0.003484671696204647
6.759999999999944 0.756888484389721 -53.40228134034595 -15.109809028315587 -0.15977056168151407 0.017606309035245144 -0.003498636683158217
6.779999999999943 0.7599533111331561 -53.400865695586866 -15.110796726053684 -0.15993389592526255 0.017677584869504787 -0.0035123905969280883
6.799999999999943 0.7629712595649415 -53.399465227060894 -15.111773477836433 -0.16009540482315834 0.017747770295742676 -0.003525932656125463
6.8199999999999426 0.7659421435047958 -53.39808030822272 -15.112739039073862 -0.16025504862851878 0.017816860989160417 -0.003539262091675252
6.839999999999942 0.7688657796752173 -53.39671130825576 -15.11369316799235 -0.16041278805334425 0.017884852692476985 -0.0035523781468485742
6.859999999999942 0.7717419877140363 -53.39535859197955 -15.11463562569453 -0.16056858427785248 0.017951741216166998 -0.0035652800772921437
6.879999999999941 0.7745705901839544 -53.394022519757826 -15.115566176218367 -0.16072239896020393 0.018017522438820193 -0.0035779671510594085
6.899999999999941 0.7773514125854901 -53.39270344740819 -15.116484586595693 -0.16087419424593072 0.018082192307221634 -0.003590438648639711
6.91999999999994 0.7800842833657734 -53.391401726112626 -15.117390626909815 -0.16102393277716257 0.018145746836780746 -0.0036026938629872694
6.93999999999994 0.7827690339309958 -53.390117702329384 -15.118284070352509 -0.16117157770199142 0.018208182111642875 -0.003614732099549458
6.95999999999994 0.7854054986544291 -53.38885171770586 -15.119164693280197 -0.16131709268343616 0.01826949428498482 -0.0036265526762950927
6.979999999999939 0.7879935148893826 -53.38760410899277 -15.12003227526924 -0.16146044190840816 0.018329679579242687 -0.0036381549237412643
6.999999999999939 0.7905329229773467 -53.386375207959794 -15.120886599170618 -0.16160159009666347 0.018388734286318955 -0.003649538184980105
7.019999999999938 0.7930235662588323 -53.38516534131193 -15.121727451163663 -0.161740502509358 0.018446654767858683 -0.0036607018157052596
7.039999999999938 0.7954652910821304 -53.3839748306078 -15.122554620808978 -0.16187714495769417 0.018503437455422937 -0.003671645184237374
7.059999999999937 0.7978579468136415 -53.38280399217861 -15.123367901100623 -0.1620114838113395 0.018559078850802744 -0.0036823676715492786
7.079999999999937 0.8002013858468565 -53.381653137048865 -15.124167088517316 -0.16214348600659928 0.0186135755260578 -0.003692868671290115
7.099999999999937 0.8024954636113387 -53.38052257085841 -15.124951983072807 -0.16227311905489591 0.018666924123870096 -0.0037031475898097383
7.119999999999936 0.8047400385817026 -53.37941259378549 -15.125722388365473 -0.16240035105030423 0.018719121357754123 -0.0037132038461822245
7.139999999999936 0.8069349722862982 -53.37832350047144 -15.126478111626874 -0.16252515067783788 0.01877016401212512 -0.003723036872228072
7.159999999999935 0.8090801293160897 -53.37725557994685 -15.127218963769554 -0.16264748722093686 0.01882004894265064 -0.0037326461125371368
7.179999999999935 0.8111753773330042 -53.376209115558865 -15.127944759433813 -0.1627673305691668 0.01886877307631897 -0.0037420310244901164
7.1999999999999345 0.8132205870771028 -53.375184384900194 -15.128655317033598 -0.16288465122553122 0.018916333411740146 -0.003751191078280528
7.219999999999934 0.8152156323761256 -53.37418165973934 -15.129350458801524 -0.1629994203138347 0.01896272701922682 -0.003760125756934097
7.239999999999934 0.8171603901522091 -53.37320120595252 -15.130030010832836 -0.1631116095856436 0.019007951041039955 -0.003768834556329987
7.259999999999933 0.8190547404293291 -53.37224328345681 -15.130693803128453 -0.1632211914275473 0.019052002691523285 -0.0037773169852205048
7.279999999999933 0.8208985663417256 -53.371308146145026 -15.131341669637104 -0.1633281388677285 0.01909487925730373 -0.003785572565249166
7.299999999999932 0.8226917541401165 -53.37039604182193 -15.131973448296467 -0.16343242558263846 0.019136578097435325 -0.0037936008309702764
7.319999999999932 0.8244341931996888 -53.369507212142196 -15.132588981073239 -0.16353402590348853 0.019177096643588874 -0.003801401329866428
7.3399999999999315 0.82612577602585 -53.36864189254954 -15.133188114002218 -0.1636329148227464 0.019216432400182584 -0.003808973622366741
7.359999999999931 0.8277663982612176 -53.367800312217966 -15.13377069722458 -0.16372906800005865 0.019254582944537663 -0.003816317281862891
7.379999999999931 0.8293559586926386 -53.36698269399396 -15.134336585024833 -0.16382246176842832 0.0192915459270135 -0.0038234318947259834
7.39999999999993 0.8308943592567747 -53.36618925434086 -15.134885635866995 -0.1639130731398805 0.019327319071174062 -0.0038303170603224985
7.41999999999993 0.8323815050465397 -53.3654202032843 -15.13541771242955 -0.16400087981142666 0.019361900173929435 -0.0038369723910299932
7.439999999999929 0.8338173043169228 -53.36467574435976 -15.135932681639536 -0.16408586017017204 0.019395287105691852 -0.0038433975122512997
7.459999999999929 0.8352016684900467 -53.363956074561365 -15.136430414705426 -0.16416799329894954 0.019427477810427182 -0.0038495920624294923
7.4799999999999285 0.8365345121608851 -53.36326138429252 -15.136910787149032 -0.164247258981358 0.019458470305847474 -0.0038555556930616563
7.499999999999928 0.837815753104457 -53.36259185731819 -15.137373678836381 -0.16432363770675407 0.01948826268350032 -0.003861288068711361
7.519999999999928 0.8390453122771037 -53.361947670718784 -15.137818974007349 -0.16439711067504298 0.019516853108902638 -0.0038667888670230015
7.539999999999927 0.8402231138249987 -53.36132899484564 -15.138246561304408 -0.1644676598013088 0.019544239821640868 -0.003872057778732656
7.559999999999927 0.8413490850866067 -53.3607359932786 -15.138656333800164 -0.16453526772046023 0.019570421135535296 -0.0038770945076810497
7.579999999999926 0.8424231565977546 -53.360168822784594 -15.139048189023868 -0.16459991779114605 0.019595395438640716 -0.003881898770823727
7.599999999999926 0.8434452620963944 -53.359627633278684 -15.139422028986708 -0.16466159410027675 0.019619161193380287 -0.0038864702982422455
7.6199999999999255 0.844415338526482 -53.359112567786255 -15.139777760206151 -0.1647202814664807 0.019641716936716416 -0.003890808833154764
7.639999999999925 0.8453333260410117 -53.358623762407255 -15.140115293729034 -0.16477596544439366 0.01966306128009686 -0.0038949141319252634
7.659999999999925 0.8461991680070525 -53.35816134628207 -15.140434545153642 -0.1648286323276863 0.019683192909705525 -0.0038987859640727536
7.679999999999924 0.847012811008323 -53.357725441559026 -15.14073543465053 -0.16487826915283735 0.019702110586433036 -0.003902424112280158
7.699999999999924 0.8477742048489862 -53.3573161633639 -15.141017886982352 -0.16492486370207007 0.019719813145901717 -0.0039058283724027446
7.719999999999923 0.8484833025561976 -53.35693361977112 -15.14128183152246 -0.16496840450662886 0.01973629949872774 -0.0039089985534752104
7.739999999999923 0.8491400603839923 -53.35657791177645 -15.141527202272398 -0.16500888084928497 0.019751568630381033 -0.00391193447771916
7.7599999999999225 0.8497444378145009 -53.35624913327188 -15.141753937878232 -0.1650462827672616 0.019765619601391556 -0.003914635980549946
7.779999999999922 0.8502963975617435 -53.355947371021905 -15.141961981645759 -0.16508060105446054 0.019778451547335287 -0.003917102910582665
7.799999999999922 0.8507959055731177 -53.35567270464206 -15.142151281554531 -0.16511182726395232 0.019790063678881815 -0.003919335129637472
7.819999999999921 0.8512429310324097 -53.355425206578666 -15.142321790270742 -0.16513995370997253 0.01980045528185949 -0.003921332512744892
7.839999999999921 0.8516374463611367 -53.35520494209083 -15.142473465158936 -0.1651649734696277 0.01980962571735708 -0.0039230949481510475
7.85999999999992 0.8519794272194087 -53.35501196923409 -15.142606268292564 -0.16518688038490256 0.019817574421654424 -0.003924622337321087
7.87999999999992 0.8522688525095141 -53.35484633884586 -15.142720166463386 -0.16520566906402975 0.01982430090632068 -0.0039259145949428476
7.8999999999999195 0.8525057043742993 -53.35470809453269 -15.142815131189712 -0.16522133488284493 0.019829804758252485 -0.003926971648930435
7.919999999999919 0.8526899682019435 -53.35459727265931 -15.14289113872343 -0.16523387398585343 0.019834085639654442 -0.003927793440426269
7.939999999999919 0.8528216326233838 -53.354513902339605 -15.142948170055849 -0.1652432832873084 0.019837143288081432 -0.003928379923803676
7.959999999999918 0.8529006895152105 -53.35445800542922 -15.142986210922487 -0.16524956047187686 0.0198389775164977 -0.003928731066668144
7.979999999999918 0.8529271339991745 -53.354429596520234 -15.143005251806553 -0.16525270399521041 0.019839588213182442 -0.003928846849858589
7.999999999999917 0.852900964442714 -53.35442868293742 -15.143005287941302 -0.1652527130843434 0.019838975341864476 -0.0039287272674482015
8.019999999999918 0.8528221824595211 -53.35445526473644 -15.142986319311252 -0.1652495877380227 0.019837138941615193 -0.003928372326743815
8.039999999999917 0.8526907929088468 -53.35450933470378 -15.142948350652158 -0.16524332872644493 0.01983407912692224 -0.00392778204828624
8.059999999999917 0.8525068038948898 -53.354590878358785 -15.142891391449846 -0.16523393759125193 0.019829796087602086 -0.003926956465849112
8.079999999999917 0.8522702267679365 -53.35469987395707 -15.142815455937885 -0.1652214166450739 0.019824290088880717 -0.003925895626437159
8.099999999999916 0.8519810761211448 -53.35483629249614 -15.14272056309405 -0.16520576897100347 0.019817561471323304 -0.003924599590284885
8.119999999999916 0.8516393697920904 -53.35500009772259 -15.142606736635608 -0.1651869984217968 0.019809610650803385 -0.003923068430853719
8.139999999999915 0.8512451288602243 -53.35519124614123 -15.142474005013487 -0.1651651096189421 0.01980043811851675 -0.003921302234829047
8.159999999999915 0.850798377645822 -53.35540968702612 -15.14232240140522 -0.1651401079515674 0.019790044440906464 -0.003919301102117077
8.179999999999914 0.8502991437085288 -53.35565536243305 -15.142151963706707 -0.16511199957496026 0.019778430259686022 -0.003917065145840609
8.199999999999914 0.8497474578465622 -53.355928207214454 -15.141962734522874 -0.165080791409295 0.01976559629172641 -0.00391459449233493
8.219999999999914 0.8491433540929345 -53.3562281490354 -15.14175476115711 -0.16504649113767753 0.019751543329068446 -0.0039118892811426595
8.239999999999913 0.8484868697150101 -53.356555108391994 -15.141528095599567 -0.16500910720432418 0.01973627223885112 -0.003908949665008151
8.259999999999913 0.8477780452112527 -53.35690899863118 -15.141282794514227 -0.16496864881263804 0.019719783963269098 -0.0039057758098721305
8.279999999999912 0.8470169243093743 -53.35728972597261 -15.141018919225003 -0.16492512592270814 0.019702079519505294 -0.0039023678948643284
8.299999999999912 0.8462035539634892 -53.357697189532104 -15.140736535700453 -0.16487854924901613 0.019683159999655427 -0.0038987261122972456
8.319999999999911 0.8453379843503506 -53.35813128134702 -15.140435714537483 -0.1648289302577305 0.01966302657069948 -0.003894850667658492
8.339999999999911 0.8444202688677928 -53.35859188640325 -15.140116530943901 -0.16477628116377963 0.019641680474388867 -0.003890741779602811
8.35999999999991 0.8434504641302059 -53.35907888266421 -15.139779064719699 -0.16472061492810333 0.019619123027172426 -0.0038863996799434006
8.37999999999991 0.8424286299650681 -53.359592141101395 -15.139423400237458 -0.16466194525421216 0.01959535562017578 -0.0038818246136430663
8.39999999999991 0.8413548294105411 -53.36013152572671 -15.139049626421329 -0.16460028658492054 0.019570379719040888 -0.003877016838804779
8.41999999999991 0.8402291287104635 -53.36069689362674 -15.138657836725073 -0.16453565409870696 0.01954419686385158 -0.0038719766266615023
8.439999999999909 0.8390515973092201 -53.36128809499841 -15.138248129108906 -0.16446806370605974 0.019516808669103543 -0.003866704261566026
8.459999999999908 0.8378223078506845 -53.36190497318681 -15.137820606015291 -0.16439753204555413 0.01948821682349591 -0.003861200040979001
8.479999999999908 0.8365413361702314 -53.36254736472429 -15.137375374343524 -0.16432407647967628 0.01945842308992774 -0.003855464275458887
8.499999999999908 0.8352087612925221 -53.36321509937165 -15.136912545423307 -0.16424771509052516 0.019427429305351837 -0.003849497288648321
8.519999999999907 0.8338246654246357 -53.36390800016067 -15.136432234987142 -0.1641684666755387 0.019395237380593414 -0.003843299417262618
8.539999999999907 0.8323891339532064 -53.36462588343877 -15.13593456314177 -0.16408635074254077 0.019361849300354703 -0.0038368710110758255
8.559999999999906 0.8309022554378886 -53.36536855891488 -15.13541965433835 -0.16400138750530188 0.01932726712305229 -0.0038302124329081784
8.579999999999906 0.8293641216052331 -53.366135829707325 -15.134887637341667 -0.16391359787832446 0.01929149298062325 -0.003823324058611116
8.599999999999905 0.8277748273435483 -53.36692749239312 -15.134338645198268 -0.16382300347157863 0.019254529078490464 -0.0038162062770527023
8.619999999999905 0.8261344706993009 -53.36774333705913 -15.133772815203534 -0.16372962658551546 0.01921637769534139 -0.003808859490102609
8.639999999999905 0.824443152866925 -53.36858314735478 -15.133190288867679 -0.1636334902053328 0.019177041183032886 -0.003801284112616754
8.659999999999904 0.8227009781850402 -53.369446700546064 -15.132591211880696 -0.16353461799529756 0.019136521966512252 -0.003793480572420474
8.679999999999904 0.8209080541312341 -53.37033376757198 -15.131975734076343 -0.16343303429297065 0.019094822543502372 -0.0037854493102916858
8.699999999999903 0.8190644913121132 -53.371244113101405 -15.131344009394953 -0.1633287641032522 0.019051945484507667 -0.0037771907799449495
8.719999999999903 0.8171704034591399 -53.37217749559267 -15.130696195845402 -0.16322183309214996 0.01900789343256528 -0.0037687054480119034
8.739999999999903 0.8152259074201249 -53.37313366735397 -15.130032455465988 -0.16311226758051126 0.01896266910313874 -0.0037599937940239214
8.759999999999902 0.8132311231534914 -53.37411237460537 -15.129352954284277 -0.1630000945373071 0.018916275283905527 -0.003751056310393189
8.779999999999902 0.8111861737190671 -53.37511335754288 -15.128657862275992 -0.16288534157340603 0.018868714834609415 -0.0037418935023931675
8.799999999999901 0.8090911852724169 -53.376136350403456 -15.12794735332297 -0.16276803693440378 0.0188199906868556 -0.0037325058881385468
8.8199999999999 0.8069462870548478 -53.37718108153167 -15.127221605170075 -0.16264820949370484 0.018770105844031156 -0.0037228939985652467
8.8399999999999 0.8047516113874148 -53.378247273448075 -15.12648079938119 -0.1625258887456956 0.018719063380967477 -0.003713058377409102
8.8599999999999 0.8025072936620763 -53.37933464291867 -15.12572512129432 -0.16240110479796702 0.018666866443869393 -0.003702999581184022
8.8799999999999 0.8002134723327522 -53.38044290102625 -15.124954759975605 -0.1622738883644368 0.018613518250056568 -0.003692718179160696
8.899999999999899 0.7978702889073188 -53.381571753242724 -15.124169908172572 -0.16214427075738758 0.01855902208781113 -0.0036822147533432424
8.919999999999899 0.7954778879398131 -53.38272089950317 -15.123370762266418 -0.16201228387989075 0.01850338131617284 -0.003671489898446635
8.939999999999898 0.7930364170191251 -53.38389003428131 -15.122557522223357 -0.16187796021797365 0.018446599364714534 -0.003660544221872833
8.959999999999898 0.7905460267616711 -53.38507884666586 -15.121730391545103 -0.161741332832458 0.018388679733289365 -0.0036493783436862626
8.979999999999897 0.7880068708027691 -53.38628702043909 -15.120889577218502 -0.16160243535096736 0.01832962599191241 -0.0036379928965893406
8.999999999999897 0.7854191057845364 -53.387514234155894 -15.120035289664246 -0.1614613019596598 0.018269441780476892 -0.0036263885258972163
9.019999999999897 0.7827828913487638 -53.38876016122458 -15.119167742684821 -0.16131796739462306 0.01820813080852075 -0.003614565889511491
9.039999999999896 0.7800983901261888 -53.39002446998908 -15.118287153411538 -0.1611724669334166 0.018145696855085058 -0.003602525657894005
9.059999999999896 0.7773657677259453 -53.391306823812066 -15.117393742250748 -0.16102483638640575 0.018082143768340015 -0.0035902685140403873
9.079999999999895 0.7745851927257281 -53.39260688115954 -15.116487732829269 -0.16087511208783253 0.018017475465511707 -0.003577795153451573
9.099999999999895 0.7717568366617031 -53.39392429568672 -15.115569351939058 -0.16072333088696353 0.017951695932505684 -0.0035651062841061763
9.119999999999894 0.7688808740172541 -53.39525871632497 -15.114638829480972 -0.16056953013895844 0.01788480922372565 -0.0035522026264318395
9.139999999999894 0.7659574822134935 -53.39660978737012 -15.113696398407928 -0.16041374769559785 0.017816819461833763 -0.003539084913276006
9.159999999999894 0.7629868415966262 -53.39797714857167 -15.112742294667093 -0.16025602189602475 0.017747730837465153 -0.003525753889876223
9.179999999999893 0.7599691354271043 -53.39936043522352 -15.11177675714161 -0.16009639155739183 0.017677547609018452 -0.003512210313829576
9.199999999999893 0.7569045498708407 -53.40075927825535 -15.11080002759128 -0.15993489596504318 0.017606274102319453 -0.0034984549550616502
9.219999999999892 0.7537932739830915 -53.40217330432568 -15.109812350592838 -0.15977157486296936 0.01753391471042919 -0.003484488595795834
9.239999999999892 0.7506354997018813 -53.40360213591553 -15.108813973479254 -0.15960646844403825 0.017460473893326185 -0.003470312030519938
9.259999999999891 0.7474314218314897 -53.405045391423265 -15.107805146278539 -0.15943961734004033 0.017385956177649566 -0.003455926065955037
9.279999999999891 0.7441812380348491 -53.40650268526071 -15.10678612165184 -0.15927106261166923 0.017310366156426758 -0.003441331521021093
9.29999999999989 0.7408851488169633 -53.407973627949865 -15.105757154830835 -0.15910084573846486 0.017233708488810645 -0.0034265292268041148
9.31999999999989 0.737543357516483 -53.40945782622105 -15.104718503554576 -0.15892900860841921 0.01715598789973747 -0.0034115200265206974
9.33999999999989 0.734156070290325 -53.41095488311157 -15.103670428005534 -0.15875559350782248 0.017077209179708723 -0.0033963047754845288
9.35999999999989 0.730723496102414 -53.4124643980657 -15.102613190745265 -0.15858064311074915 0.016997377184436786 -0.003380884341069433
9.379999999999889 0.7272458467098835 -53.413985967035345 -15.101547056649366 -0.1584042004686094 0.01691649683455544 -0.0033652596026742827
9.399999999999888 0.7237233366511416 -53.41551918258162 -15.10047229284183 -0.1582263089993928 0.016834573115352032 -0.003349431451685492
9.419999999999888 0.7201561832318386 -53.41706363397749 -15.099389168628916 -0.15804701247711042 0.01675161107646145 -0.0033334007914406954
9.439999999999888 0.7165446065112164 -53.41861890731091 -15.0982979554324 -0.15786635502097401 0.01666761583150052 -0.00331716853719007
9.459999999999887 0.712888829289575 -53.420184585589 -15.097198926722415 -0.1576843810844935 0.016582592557790675 -0.00330073561605818
9.479999999999887 0.7091890770929609 -53.4217602488431 -15.096092357949669 -0.15750113544443345 0.016496546496077756 -0.003284102967005013
9.499999999999886 0.7054455781611595 -53.42334547423416 -15.094978526477178 -0.15731666318989587 0.01640948295011716 -0.003267271540786147
9.519999999999886 0.7016585634318852 -53.42493983615955 -15.093857711511635 -0.157131009711164 0.016321407286456285 -0.0032502422999125965
9.539999999999885 0.6978282665277186 -53.42654290635975 -15.092730194034182 -0.15694422068859062 0.016232324934048144 -0.003233016218609907
9.559999999999885 0.6939549237407937 -53.42815425402646 -15.09159625673088 -0.15675634208112127 0.01614224138389576 -0.003215594282776933
9.579999999999885 0.6900387740190222 -53.42977344591085 -15.090456183922587 -0.1565674201152004 0.016051162188767912 -0.0031979774899433054
9.599999999999884 0.686080058951155 -53.431400046432785 -15.089310261494585 -0.15637750127321834 0.015959092962812862 -0.0031801668492272323
9.619999999999884 0.6820790227506572 -53.43303361779044 -15.08815877682573 -0.15618663228210403 0.015866039381224134 -0.0031621633812921163
9.639999999999883 0.6780359122432771 -53.43467372007044 -15.087002018717273 -0.155994860101843 0.015772007179952245 -0.0031439681183024503
9.659999999999883 0.6739509768482606 -53.4363199113589 -15.085840277321303 -0.15580223191383705 0.015677002155276485 -0.0031255821038797516
9.679999999999882 0.6698244685673502 -53.43797174785252 -15.084673844068847 -0.1556087951092756 0.015581030163447421 -0.0031070063930565416
9.699999999999882 0.6656566419642616 -53.439628783970456 -15.083503011597688 -0.15541459727758083 0.015484097120392231 -0.003088242052232373
9.719999999999882 0.6614477541533894 -53.4412905724666 -15.082328073679841 -0.15521968619441928 0.015386209001293167 -0.0030692901591253107
9.739999999999881 0.6571980647813247 -53.4429566645422 -15.081149325148766 -0.15502410981017645 0.015287371840254456 -0.0030501518027266808
9.75999999999988 0.6529078360109047 -53.44462660995919 -15.079967061826332 -0.15482791623802558 0.015187591729912665 -0.003030828083252708
9.77999999999988 0.6485773325077113 -53.44629995715334 -15.078781580449494 -0.1546311537419728 0.015086874821106511 -0.003011320112096219
9.79999999999988 0.6442068214192311 -53.44797625334839 -15.077593178596757 -0.15443387072516904 0.014985227322398082 -0.0029916290117787056
9.81999999999988 0.6397965723629291 -53.44965504467 -15.076402154614495 -0.15423611571783982 0.014882655499764839 -0.0029717559158995432
9.839999999999879 0.6353468574062632 -53.45133587626028 -15.075208807542916 -0.154037937365369 0.014779165676272 -0.0029517019690869692
9.859999999999879 0.6308579510518428 -53.453018292392606 -15.074013437042082 -0.15383938441617961 0.014674764231556755 -0.0029314683269470714
9.879999999999878 0.6263301302197619 -53.45470183658635 -15.072816343317536 -0.15364050570991952 0.014569457601512547 -0.00291105615601206
9.899999999999878 0.6217636742298029 -53.45638605172224 -15.071617827045934 -0.1534413501652804 0.014463252277887596 -0.00289046663368898
9.919999999999877 0.6171588647869037 -53.4580704801576 -15.07041818930059 -0.1532419667680483 0.014356154807852217 -0.0028697009482062876
9.939999999999877 0.6125159859594352 -53.45975466384189 -15.069217731476769 -0.15304240455889614 0.01424817179366164 -0.002848760298561616
9.959999999999877 0.607835324165964 -53.46143814443224 -15.068016755217053 -0.15284271262133511 0.014139309892180594 -0.0028276458944668467
9.979999999999876 0.6031171681544996 -53.46312046340926 -15.066815562336503 -0.1526429400696633 0.014029575814497243 -0.002806358956294149
9.999999999999876 0.5983618089867251 -53.46480116219285 -15.065614454747946 -0.15244313603688775 0.01391897632553709 -0.0027849007150208735
10.019999999999875 0.5935695400186116 -53.466479782257814 -15.064413734387047 -0.15224334966244474 0.013807518243645005 -0.002763272412173441
10.039999999999875 0.5887406568830866 -53.46815586524988 -15.063213703137503 -0.15204363008027996 0.013695208440089441 -0.0027414752997709387
10.059999999999874 0.5838754574725781 -53.469828953101405 -15.062014662756228 -0.15184402640660008 0.013582053838787642 -0.002719510640268156
10.079999999999874 0.5789742419177252 -53.47149858814715 -15.060816914798481 -0.15164458772788142 0.013468061415695 -0.002697379706498252
10.099999999999874 0.5740373125720378 -53.47316431323991 -15.059620760543188 -0.1514453630886765 0.01335323819853491 -0.0026750837816132368
10.119999999999873 0.5690649739917725 -53.47482567186619 -15.058426500918223 -0.1512464014795329 0.013237591266319187 -0.002652624159025844
10.139999999999873 0.5640575329180272 -53.476482208261466 -15.057234436425736 -0.15104775182493146 0.013121127748821704 -0.002630002142349504
10.159999999999872 0.5590152982559825 -53.47813346752563 -15.05604486706773 -0.15084946297127477 0.013003854826309095 -0.0026072190453384127
10.179999999999872 0.553938581057512 -53.47977899573789 -15.054858092271632 -0.1506515836747062 0.012885779728961981 -0.0025842761918258893
10.199999999999871 0.5488276945013355 -53.481418340071784 -15.053674410816027 -0.1504541625893336 0.01276690973643933 -0.0025611749156628748
10.219999999999871 0.5436829538746081 -53.483051048909616 -15.052494120756641 -0.15025724825498182 0.012647252177541504 -0.0025379165606558493
10.23999999999987 0.538504676551695 -53.48467667195696 -15.051317519352349 -0.15006088908535892 0.012526814429655014 -0.0025145024805040593
10.25999999999987 0.5332931819768651 -53.48629476035654 -15.050144902991526 -0.14986513335612528 0.012405603918307417 -0.0024909340387354556
10.27999999999987 0.5280487916412452 -53.48790486680191 -15.048976567118434 -0.14967002919289152 0.012283628116753771 -0.002467212608642517
10.29999999999987 0.5227718290668064 -53.4895065456509 -15.047812806160083 -0.14947562455949986 0.01216089454547874 -0.0024433395732172294
10.319999999999869 0.5174626197846723 -53.491099353038294 -15.046653913453085 -0.1492819672461093 0.012037410771801565 -0.0024193163250857564
10.339999999999868 0.5121214913138137 -53.49268284698876 -15.045500181170993 -0.14908910485747245 0.011913184409298123 -0.0023951442664420014
10.359999999999868 0.5067487731433236 -53.49425658752839 -15.044351900251721 -0.14889708480112268 0.01178822311741476 -0.0023708248089807393
10.379999999999868 0.5013447967094299 -53.495820136796645 -15.043209360325472 -0.14870595427573266 0.01166253460100852 -0.0023463593738299224
10.399999999999867 0.49590989537750907 -53.497373059157376 -15.042072849642812 -0.14851576025949154 0.011536126609768445 -0.002321749391482421
10.419999999999867 0.4904444044209576 -53.49891492130924 -15.040942655003168 -0.14832654949854734 0.0114090069378928 -0.002296996301727401
10.439999999999866 0.4849486609976348 -53.500445292395895 -15.039819061683712 -0.14813836849536988 0.011281183423457334 -0.0022721015535805307
10.459999999999866 0.4794230041334552 -53.50196374411515 -15.038702353368537 -0.14795126349740964 0.011152663948080739 -0.0022470666052133814
10.479999999999865 0.47386777469975144 -53.503469850828075 -15.037592812078236 -0.14776528048571916 0.011023456436262655 -0.0022218929238832764
10.499999999999865 0.4682833153892089 -53.50496318966683 -15.036490718099987 -0.14758046516349904 0.010893568855087472 -0.0021965819858612706
10.519999999999865 0.46266997070033133 -53.50644334064242 -15.035396349917956 -0.14739686294485507 0.010763009213596325 -0.002171135276359559
10.539999999999864 0.457028086912631 -53.50790988675134 -15.03430998414415 -0.14721451894374915 0.0106317855623565 -0.002145554289459571
10.559999999999864 0.45135801206397735 -53.50936241408173 -15.033231895449802 -0.1470334779627131 0.010499905992902549 -0.0021198405280376145
10.579999999999863 0.4456600959336714 -53.51080051191865 -15.032162356497183 -0.1468537844818311 0.01036737863735276 -0.0020939955036906625
10.599999999999863 0.43993469001601726 -53.512223772848635 -15.031101637871892 -0.14667548264786523 0.01023421166780972 -0.002068020736661734
10.619999999999862 0.43418214750271367 -53.51363179286349 -15.03005000801569 -0.1464986162633598 0.010100413295868763 -0.0020419177557642397
10.639999999999862 0.42840282325818324 -53.51502417146325 -15.029007733159872 -0.14632322877568457 0.009965991772168363 -0.0020156880983059383
10.659999999999862 0.42259707379844963 -53.516400511758235 -15.027975077259134 -0.14614936326663064 0.00983095538577959 -0.0019893333100115865
10.679999999999861 0.4167652572700111 -53.517760420570184 -15.02695230192602 -0.14597706244143308 0.009695312463842039 -0.001962854944945694
10.69999999999986 0.41090773342768067 -53.51910350853278 -15.025939666365979 -0.1458063686185225 0.009559071370906698 -0.0019362545654343826
10.71999999999986 0.40502486360986356 -53.520429390190806 -15.024937427312977 -0.14563732371900007 0.009422240508525009 -0.001909533741986484
10.73999999999986 0.3991170107199115 -53.52173768409861 -15.023945838965698 -0.14546996925630598 0.009284828314644524 -0.0018826940532134958
10.75999999999986 0.39318453920286756 -53.523028012917855 -15.022965152924467 -0.14530434632595146 0.009146843263191033 -0.0018557370857500033
10.779999999999859 0.38722781501879217 -53.52430000351354 -15.021995618128637 -0.14514049559548056 0.009008293863426156 -0.0018286644341730118
10.799999999999859 0.3812472056267994 -53.52555328704974 -15.021037480794856 -0.1449784572943347 0.008869188659518811 -0.0018014777009190362
10.819999999999858 0.37524307995885503 -53.52678749908397 -15.020090984355775 -0.1448182712040287 0.008729536229986474 -0.0017741784962035843
10.839999999999858 0.36921580839452756 -53.52800227966046 -15.019156369399623 -0.1446599766483549 0.008589345187170363 -0.001746768437937652
10.859999999999857 0.36316576274477386 -53.52919727340235 -15.0182338736104 -0.14450361248365007 0.008448624176688494 -0.0017192491516434965
10.879999999999857 0.3570933162213243 -53.530372129602895 -15.017323731708757 -0.1443492170892101 0.008307381876910741 -0.0016916222703717882
10.899999999999856 0.35099884342082477 -53.53152650231533 -15.016426175393708 -0.1441968283578293 0.00816562699842634 -0.001663889434615302
10.919999999999856 0.34488272029684575 -53.53266005044182 -15.015541433284925 -0.14404648368651715 0.00802336828352736 -0.0016360522922251282
10.939999999999856 0.3387453241373194 -53.533772437821035 -15.014669730866002 -0.1438982199672732 0.007880614505627465 -0.0016081124983232404
10.959999999999855 0.33258703354386265 -53.53486333331453 -15.0138112904283 -0.14375207357790265 0.0077373744687468755 -0.0015800717152161118
10.979999999999855 0.3264082284064739 -53.53593241089206 -15.012966331015646 -0.14360808037322215 0.007593657006969922 -0.0015519316123074648
10.999999999999854 0.320209289878561 -53.53697934971533 -15.012135068369895 -0.14346627567607306 0.007449470983932355 -0.0015236938660104155
11.019999999999854 0.313990600357002 -53.53800383422099 -15.011317714877267 -0.14332669426868794 0.007304825292175554 -0.0014953601596575136
11.039999999999853 0.30775254345729414 -53.53900555420174 -15.010514479515393 -0.1431893703840746 0.007159728852681615 -0.0014669321834129261
11.059999999999853 0.3014955039864965 -53.53998420488653 -15.00972556780139 -0.14305433769774886 0.007014190614345253 -0.0014384116341818645
11.079999999999853 0.2952198679257608 -53.540939487019386 -15.008951181740676 -0.14292162931911684 0.00686821955331438 -0.0014098002155192295
11.099999999999852 0.288926022400138 -53.54187110693672 -15.008191519776684 -0.14279127778366807 0.006721824672554591 -0.001381099637539676
11.119999999999852 0.2826143556593008 -53.542778776643374 -15.00744677674141 -0.14266331504474095 0.0065750150012188185 -0.0013523116168241383
11.139999999999851 0.2762852570528428 -53.54366221388731 -15.006717143806949 -0.14253777246562832 0.006427799594096205 -0.0013234378763285356
11.159999999999851 0.2699391170019822 -53.54452114223286 -15.00600280843778 -0.14241468081208764 0.006280187531110506 -0.00129448014529048
11.17999999999985 0.26357632698257927 -53.54535529113251 -15.005303954344152 -0.1422940702445337 0.006132187916692818 -0.0012654401591340176
11.19999999999985 0.25719727949597604 -53.5461643959973 -15.004620761436238 -0.14217597031062948 0.005983809879248977 -0.0012363196593773856
11.21999999999985 0.2508023680441922 -53.5469481982657 -15.00395340577926 -0.14206040993819688 0.005835062570596371 -0.0012071203935365396
11.23999999999985 0.24439198710980176 -53.547706445471185 -15.003302059549693 -0.14194741742785108 0.0056859551653790285 -0.0011778441150292263
11.259999999999849 0.23796653212962882 -53.548438891307946 -15.002666890992204 -0.14183702044621516 0.005536496860552846 -0.0011484925830795654
11.279999999999848 0.23152639946712603 -53.54914529569557 -15.002048064377721 -0.14172924601897896 0.005386696874745245 -0.0011190675626210447
11.299999999999848 0.225071986394544 -53.54982542484173 -15.001445739962476 -0.14162412052428605 0.005236564447755807 -0.0010895708241980748
11.319999999999848 0.21860369106115513 -53.55047905130379 -15.000860073947905 -0.14152166968627747 0.005086108839945595 -0.0010600041438691625
11.339999999999847 0.21212191247494386 -53.55110595404837 -15.000291218441744 -0.1414219185687865 0.004935339331683618 -0.0010303693031067068
11.359999999999847 0.20562705047495497 -53.551705918509704 -14.999739321419977 -0.14132489156895764 0.004784265222723367 -0.001000668088698867
11.379999999999846 0.1991195057045651 -53.55227873664639 -14.99920452668984 -0.14123061241157223 0.004632895831722852 -0.0009709022926495134
11.399999999999846 0.19259967959201785 -53.55282420699618 -14.99868697385394 -0.14113910414287054 0.004481240495605069 -0.0009410737120763575
11.419999999999845 0.18606797432222574 -53.5533421347296 -14.998186798275267 -0.14105038912515727 0.004329308568949249 -0.00091118414911144
11.439999999999845 0.17952479281069947 -53.5538323317017 -14.99770413104332 -0.1409644890310753 0.004177109423553944 -0.0008812354107989879
11.459999999999845 0.17297053868250925 -53.55429461650223 -14.99723909894138 -0.14088142483840593 0.0040246524476517855 -0.0008512293089920104
11.479999999999844 0.16640561624547578 -53.55472881450408 -14.996791824414654 -0.14080121682488755 0.003871947045504366 -0.000821167660250947
11.499999999999844 0.15983043046289555 -53.55513475791023 -14.99636242553965 -0.14072388456325108 0.0037190026367460672 -0.0007910522857394815
11.519999999999843 0.1532453869334902 -53.55551228579875 -14.99595101599458 -0.1406494469162607 0.0035658286557938724 -0.0007608850111200122
11.539999999999843 0.14665089186283717 -53.555861244166415 -14.99555770503075 -0.1405779220322471 0.0034124345513265398 -0.000730667666450156
11.559999999999842 0.1400473520377276 -53.55618148597044 -14.995182597445233 -0.14050932734049926 0.0032588297856372904 -0.0007004020860769046
11.579999999999842 0.13343517480505818 -53.55647287116845 -14.994825793554487 -0.14044367954710024 0.003105023834078305 -0.0006700901085306358
11.599999999999842 0.12681476804166011 -53.55673526675693 -14.9944873891691 -0.1403809946308236 0.002951026184426624 -0.0006397335764197429
11.619999999999841 0.12018654013360802 -53.556968546807724 -14.994167475569759 -0.140321287838938 0.0027968463363991026 -0.0006093343363224428
11.63999999999984 0.11355089994893014 -53.55717259250296 -14.993866139484116 -0.14026457368393114 0.002642493800950634 -0.0005788942386810777
11.65999999999984 0.10690825681059006 -53.55734729216821 -14.993583463065058 -0.1402108659394583 0.0024879780998189873 -0.0005484151376931656
11.67999999999984 0.10025902047532581 -53.55749254130363 -14.993319523869848 -0.14016017763728442 0.0023333087647729907 -0.0005178988912027046
11.69999999999984 0.09360360110604608 -53.557608242613846 -14.99307439484057 -0.14011252106392774 0.002178495337181759 -0.00048734736059198407
11.719999999999839 0.08694240924461852 -53.55769430603557 -14.992848144285611 -0.14006790775773217 0.0020235473673252515 -0.0004567624106720228
11.739999999999839 0.08027585579111424 -53.55775064876371 -14.992640835862401 -0.14002634850592702 0.0018684744138125807 -0.00042614590957157285
11.759999999999838 0.07360435197545342 -53.55777719527552 -14.992452528561099 -0.1399878533420639 0.0017132860430551142 -0.00039549972862764086
11.779999999999838 0.06692830933072241 -53.55777387735322 -14.99228327668968 -0.1399524315435138 0.0015579918286193289 -0.0003648257422745646
11.799999999999837 0.06024813967245309 -53.55774063410451 -14.992133129859983 -0.13992009162929228 0.0014026013506541711 -0.0003341258279311905
11.819999999999837 0.053564255067384534 -53.55767741198148 -14.992002132975019 -0.139890841357713 0.0012471241952587584 -0.0003034018658903399
11.839999999999836 0.046877067813781245 -53.55758416479761 -14.991890326217419 -0.13986468772478527 0.0010915699539381864 -0.0002726557392048381
11.859999999999836 0.04018699041233858 -53.55746085374308 -14.991797745038973 -0.1398416369623459 0.0009359482230530361 -0.00024188933357599613
11.879999999999836 0.03349443554010828 -53.557307447398074 -14.99172442015147 -0.13982169453654042 0.0007802686031108988 -0.00021110453723941383
11.899999999999835 0.0267998160290978 -53.55712392174449 -14.991670377518652 -0.1398048651465567 0.0006245406982567209 -0.00018030324085039918
11.919999999999835 0.020103544837236923 -53.5569102601755 -14.99163563834922 -0.13979115272330983 0.00046877411566609 -0.0001494873373706851
11.939999999999834 0.01340603502282279 -53.556666453503716 -14.991620219091217 -0.1397805604286881 0.0003129796946531813 -0.000118658721953147
11.959999999999834 0.006708561021212178 -53.55639249994534 -14.99162413141706 -0.13977309063860452 0.0001571667478188371 -8.782457511941886e-05
11.979999999999833 1.0271729856660416e-05 -53.556088421318584 -14.99164737370456 -0.13976874882611443 1.349454134382433e-06 -5.698304492528031e-05
11.999999999999833 -0.006688577075569628 -53.55575421733698 -14.991689956317515 -0.13976752891321406 -0.0001544678912378753 -2.6129957621236127e-05
12.019999999999833 -0.01338730510798532 -53.55538989883115 -14.991751881248529 -0.13976943056885183 -0.00031028057229870015 4.730964819474589e-06
12.039999999999832 -0.020085343898989125 -53.55499549194266 -14.991833141214304 -0.13977445555477921 -0.00046607958881794535 3.559669987206426e-05
12.059999999999832 -0.02678219149545196 -53.55457103254919 -14.991933723343813 -0.13978260390480793 -0.0006218543402400994 6.646465234486257e-05
12.079999999999831 -0.033477385360949234 -53.55411656466145 -14.992053609921566 -0.1397938739958439 -0.0007775938483502753 9.733248807876256e-05
12.099999999999831 -0.040170486202701194 -53.55363213983174 -14.992192778561241 -0.13980826294183082 -0.0009332872549249739 0.00012819803294563891
12.11999999999983 -0.04686106833785739 -53.5531178169147 -14.99235120224527 -0.13982576686167164 -0.0010889239786211408 0.0001590592114814632
12.13999999999983 -0.0535487139813101 -53.552573661978386 -14.992528849325698 -0.1398463810257189 -0.0012444937244272555 0.00018991400949318582
12.15999999999983 -0.06023300987280902 -53.55199974828193 -14.992725683513296 -0.13987009992830088 -0.0013999864390320624 0.00022076045117567746
12.17999999999983 -0.0669135452951383 -53.551396156281065 -14.992941663865432 -0.13989691731998208 -0.0015553922542779683 0.0002515965850286703
12.199999999999829 -0.07358991093299223 -53.550762973640865 -14.993176744776473 -0.13992682621925137 -0.0017107014358245475 0.0002824204751235963
12.219999999999828 -0.0802616982250751 -53.55010029524742 -14.99343087597244 -0.13995981891403758 -0.001865904342180024 0.0003132301956436524
12.239999999999828 -0.08692849900482026 -53.54940822321431 -14.99370400251008 -0.13999588695981888 -0.002020991394597995 0.0003440238274364587
12.259999999999827 -0.09358990532393238 -53.54868686688281 -14.993996064779868 -0.1400350211762874 -0.0021759530556919003 0.00037479945581097104
12.279999999999827 -0.1002455093668915 -53.547936342815525 -14.994306998512956 -0.14007721164459908 -0.002330779815262717 0.000405555169120388
12.299999999999827 -0.10689490343122243 -53.547156774784796 -14.994636734790816 -0.1401224477053674 -0.00248546218098273 0.0004362890578380973
12.319999999999826 -0.1135376799414749 -53.54634829375582 -14.994985200057847 -0.14017071795777122 -0.0026399906726402105 0.00046699921395731774
12.339999999999826 -0.12017343147330042 -53.54551103786554 -14.995352316136156 -0.14022201025945577 -0.002794355818985766 0.0004976837306038234
12.359999999999825 -0.12680175079641381 -53.54464515239809 -14.995738000242314 -0.14027631172770444 -0.00294854815597248 0.0005283407017890183
12.379999999999825 -0.1334222309189013 -53.54375078975667 -14.99614216500585 -0.1403336087409664 -0.0031025582261964934 0.0005589682222651364
12.399999999999824 -0.14003446512819206 -53.54282810943287 -14.996564718489418 -0.14039388694093968 -0.00325637657890971 0.0005895643874512093
12.419999999999824 -0.1466380470386067 -53.54187727797335 -14.99700556421024 -0.1404571312357388 -0.0034099937705264934 0.0006201272934087535
12.439999999999824 -0.153232570637015 -53.54089846894424 -14.997464601163038 -0.14052332580263419 -0.003563400365288647 0.0006506550368575151
12.459999999999823 -0.15981763032019847 -53.53989186289327 -14.997941723844194 -0.14059245409183663 -0.003716586936085885 0.0006811457152215396
12.479999999999823 -0.1663928209395099 -53.53885764731011 -14.998436822277046 -0.1406644988303826 -0.0038695440654056036 0.0007115974266950528
12.499999999999822 -0.17295773784093132 -53.537796016584394 -14.998949782038522 -0.14073944202594915 -0.004022262346266276 0.0007420082703283157
12.519999999999822 -0.17951197689905915 -53.53670717196225 -14.999480484286794 -0.14081726497154912 -0.004174732383086302 0.0007723763461278941
12.539999999999822 -0.18605513455816827 -53.53559132150072 -15.000028805790075 -0.1408979482497772 -0.004326944792695493 0.0008026997551648129
12.559999999999821 -0.1925868078633675 -53.5344486800205 -15.000594618956576 -0.14098147173775108 -0.004478890205077634 0.0008329765996955429
12.57999999999982 -0.19910659449613716 -53.533279469057135 -15.001177791865455 -0.1410678146121363 -0.004630559264395048 0.0008632049832858903
12.59999999999982 -0.20561409281007348 -53.53208391681019 -15.001778188299005 -0.14115695535405637 -0.004781942629697041 0.0008933830109420372
12.61999999999982 -0.2121089018571508 -53.53086225809084 -15.002395667775732 -0.1412488717545705 -0.004933030975830791 0.0009235087892468971
12.63999999999982 -0.21859062142352162 -53.52961473426786 -15.003030085584573 -0.14134354092025386 -0.005083814994146126 0.0009535804264961163
12.659999999999819 -0.22505885205934123 -53.528341593211785 -15.00368129282015 -0.1414409392785945 -0.005234285393292283 0.0009835960328392365
12.679999999999819 -0.23151319510571286 -53.527043089237885 -15.004349136419092 -0.14154104258415998 -0.005384432899956184 0.0010135537204219378
12.699999999999818 -0.23795325272600273 -53.525719483046814 -15.005033459197314 -0.141643825924347 -0.0055342482596041015 0.001043451603528173
12.719999999999818 -0.24437862793568615 -53.524371041664345 -15.005734099888345 -0.14174926372570096 -0.005683722237149556 0.0010732877987231829
12.739999999999817 -0.25078892462551705 -53.52299803837902 -15.006450893182684 -0.14185732976019322 -0.005832845617666581 0.001103060424998885
12.759999999999817 -0.2571837475955657 -53.52160075267873 -15.007183669768137 -0.14196799715175099 -0.005981609207019194 0.0011327676039156731
12.779999999999816 -0.26356270257624914 -53.520179470185155 -15.007932256371122 -0.14208123838276687 -0.0061300038326225275 0.0011624074597479212
12.799999999999816 -0.26992539625864137 -53.51873448258727 -15.008696475798958 -0.14219702530121325 -0.006278020343931702 0.0011919781196257121
12.819999999999816 -0.2762714363216514 -53.51726608757283 -15.009476146983147 -0.14231532912728803 -0.006425649613244547 0.0012214777136776548
12.839999999999815 -0.2826004314543944 -53.51577458875874 -15.010271085023621 -0.14243612046068688 -0.006572882536214816 0.0012509043751745793
12.859999999999815 -0.28891199138493234 -53.51426029561982 -15.011081101233831 -0.14255936928787727 -0.006719710032561447 0.0012802562406691758
12.879999999999814 -0.29520572690694263 -53.512723523415964 -15.011906003186938 -0.14268504498957477 -0.006866123046570243 0.001309531450136992
12.899999999999814 -0.30148124990105224 -53.51116459311815 -15.012745594762803 -0.1428131163481087 -0.007012112547781769 0.001338728147118386
12.919999999999813 -0.30773817336264486 -53.50958383133258 -15.013599676195902 -0.14294355155536567 -0.007157669531590156 0.001367844478855576
12.939999999999813 -0.31397611142851206 -53.5079815702241 -15.014468044124168 -0.14307631822059755 -0.00730278501978027 0.0013968785964317235
12.959999999999813 -0.32019467939669355 -53.50635814743758 -15.015350491638756 -0.14321138337826356 -0.007447450061173687 0.0014258286549104643
12.979999999999812 -0.3263934937564125 -53.504713906018104 -15.016246808334591 -0.14334871349645426 -0.007591655732137224 0.0014546928134705343
12.999999999999812 -0.3325721722079465 -53.5030491943302 -15.01715678036187 -0.14348827448499363 -0.0077353931372325276 0.0014834692355444338
13.019999999999811 -0.3387303336892435 -53.501364365975135 -15.018080190478377 -0.1436300317038468 -0.007878653409725267 0.0015121560889526154
13.03999999999981 -0.34486759840136016 -53.49965977970744 -15.01901681810257 -0.1437739499718565 -0.008021427712221021 0.001540751546038671
13.05999999999981 -0.35098358782858485 -53.49793579934975 -15.019966439367709 -0.14391999357526064 -0.008163707237159729 0.0015692537838050452
13.07999999999981 -0.357077924764607 -53.49619279370666 -15.020928827176466 -0.14406812627654647 -0.008305483207451107 0.0015976609840455554
13.09999999999981 -0.36315023333775626 -53.49443113647717 -15.021903751256636 -0.1442183113235131 -0.00844674687688346 0.0016259713334783226
13.11999999999981 -0.36920013903054183 -53.49265120616601 -15.02289097821746 -0.14437051145824878 -0.008587489530880586 0.0016541830238800464
13.139999999999809 -0.3752272687056655 -53.4908533859937 -15.023890271606826 -0.14452468892637235 -0.008727702486892565 0.0016822942522165154
13.159999999999808 -0.38123125063063873 -53.48903806380544 -15.024901391969063 -0.1446808054864258 -0.008867377094994652 0.0017103032207739998
13.179999999999808 -0.38721171449659253 -53.48720563197897 -15.025924096903715 -0.14483882241909218 -0.009006504738432269 0.0017382081372920842
13.199999999999807 -0.3931682914465059 -53.485356487330975 -15.026958141124824 -0.14499870053704886 -0.00914507683417858 0.0017660072150917287
13.219999999999807 -0.3991006140936738 -53.48349103102285 -15.028003276521032 -0.14516040019446663 -0.009283084833413446 0.0017936986732073976
13.239999999999807 -0.4050083165468806 -53.48160966846494 -15.029059252216378 -0.14532388129700044 -0.00942052022211045 0.0018212807365152578
13.259999999999806 -0.4108910344341156 -53.479712809219976 -15.030125814631786 -0.14548910331137238 -0.009557374521550647 0.0018487516358620477
13.279999999999806 -0.41674840492228094 -53.477800866905326 -15.031202707547173 -0.1456560252756159 -0.00969363928886277 0.0018761096081954286
13.299999999999805 -0.42258006674104687 -53.47587425909446 -15.032289672164223 -0.14582460580920736 -0.009829306117514432 0.00190335289669035
13.319999999999805 -0.42838566020728713 -53.473933407217146 -15.033386447169853 -0.1459948031232034 -0.009964366637843412 0.0019304797508771757
13.339999999999804 -0.43416482724348054 -53.47197873645879 -15.034492768800288 -0.14616657503054667 -0.010098812517619333 0.0019574884267702527
13.359999999999804 -0.43991721140233603 -53.47001067565881 -15.035608370905605 -0.1463398789565458 -0.010232635462530299 0.001984377186993314
13.379999999999804 -0.44564245788970924 -53.46802965720838 -15.036732985015105 -0.14651467194944365 -0.010365827216647543 0.0020111443009062278
13.399999999999803 -0.4513402135835487 -53.46603611694665 -15.03786634040309 -0.146690910690854 -0.01049837956306939 0.002037788044732346
13.419999999999803 -0.45701012705763544 -53.46403049405673 -15.03900816415523 -0.14686855150659428 -0.01063028432427124 0.0020643067016828573
13.439999999999802 -0.4626518486046868 -53.46201323096058 -15.040158181235483 -0.14704755037742634 -0.010761533362751166 0.002090698562081791
